Id,SalePrice
1461,113225.47925719895
1462,151520.9539812014
1463,168676.22584405364
1464,189107.44999600187
1465,203558.81057708026
1466,174146.06175577498
1467,156829.8862903648
1468,170907.9367324284
1469,195898.94827386504
1470,116841.1823245116
1471,190408.18707669695
1472,98046.21740661707
1473,93905.77406077155
1474,172919.2946783476
1475,138017.7765785155
1476,376641.34629913484
1477,248552.10916426155
1478,312249.3831841866
1479,322681.3150017919
1480,497570.17655446363
1481,319222.17371589947
1482,228977.81369732006
1483,175549.7933637396
1484,180005.0862457447
1485,179669.22810745888
1486,207037.14593669964
1487,348581.6093456116
1488,230943.6097763686
1489,190354.10421503813
1490,211720.07438016147
1491,190818.8885013606
1492,98419.2109802338
1493,172719.83480678574
1494,295731.6509031642
1495,295558.44546458987
1496,229156.70858180744
1497,205720.027773666
1498,167102.73081564586
1499,167102.73081564586
1500,157230.89104914182
1501,171083.9065102619
1502,165595.23676230345
1503,272752.4752910662
1504,235308.57858543313
1505,218077.00370646693
1506,191395.32317893737
1507,239073.10759582068
1508,195147.56988267569
1509,159216.7944572286
1510,143938.93125622955
1511,141569.05592200893
1512,163091.4293253215
1513,163488.68362606168
1514,138577.13189971523
1515,197566.96238722323
1516,166318.69551770203
1517,155223.97794245937
1518,162688.56110755343
1519,199334.3226781434
1520,129270.86726275644
1521,133018.95687805707
1522,171111.47531815505
1523,125302.19182282138
1524,117272.34651994903
1525,120440.92662384307
1526,122116.17562321888
1527,100767.76495895839
1528,126282.34411639402
1529,141083.4085711291
1530,163757.36362299742
1531,111289.76169060894
1532,90574.15211276452
1533,138384.79034919725
1534,124924.41960742738
1535,135465.01197239463
1536,107363.740938867
1537,78235.9664245581
1538,134583.67851454817
1539,159936.05314598823
1540,120265.1156012515
1541,128394.96935933696
1542,135207.09197345903
1543,192071.77482444007
1544,93112.07570035211
1545,113592.08082226502
1546,133762.44743283695
1547,135453.54986235863
1548,129505.92344520343
1549,110284.013235009
1550,136940.20855114495
1551,113796.91479273695
1552,131019.11041296035
1553,107696.74463557664
1554,109531.44673518965
1555,179973.28256232917
1556,118735.38735187578
1557,109344.7098308071
1558,122834.58076164646
1559,66185.07917401184
1560,129089.57452315882
1561,140431.0089693226
1562,119009.48344432295
1563,114624.87112775145
1564,162589.78462607364
1565,143915.28917386528
1566,212283.06538883926
1567,98921.25749783847
1568,232459.80133698037
1569,127802.96848119747
1570,129444.67960077456
1571,117157.81578393946
1572,122489.24847691394
1573,208123.12611139443
1574,135778.6274814543
1575,200559.73096731564
1576,193480.41307043115
1577,187206.0638936466
1578,134532.07095097227
1579,138991.15250553074
1580,198496.96431760295
1581,137752.27888762177
1582,122491.27273874295
1583,316432.20357167267
1584,231113.53721640503
1585,137625.43670597265
1586,76290.71658265019
1587,110166.07275185999
1588,134476.0843816233
1589,120883.49374046858
1590,139209.65920078816
1591,92740.7709596551
1592,131912.74709811195
1593,123828.03400757683
1594,113629.02754767491
1595,122537.03947951885
1596,224655.30974578764
1597,192214.97100863277
1598,216116.09426099373
1599,172852.04456755106
1600,184615.04512392625
1601,66531.37019504233
1602,106694.20232387843
1603,59397.28398766217
1604,290593.88241475384
1605,243742.5921286242
1606,174488.59397916734
1607,186394.74830092298
1608,217404.77267608643
1609,188945.65186035214
1610,151420.29084419587
1611,144746.21315836912
1612,178901.88547214557
1613,164523.56680272522
1614,106891.32279723114
1615,79824.42672270861
1616,79824.42672270861
1617,92761.2711177182
1618,113906.02156463766
1619,130937.78100008778
1620,200215.67371484006
1621,132955.52125220888
1622,139130.3951575765
1623,237394.74417121342
1624,198283.0241563573
1625,127538.68596362545
1626,174649.9782932407
1627,178808.0006296557
1628,276854.163118372
1629,181991.9059591391
1630,376373.9615828732
1631,227041.54154931236
1632,252664.54081846634
1633,168997.32084743344
1634,177880.2115628752
1635,173542.85962154868
1636,169585.99723142004
1637,180961.67328928987
1638,207860.73391451774
1639,185003.86146446684
1640,252098.84154677566
1641,178437.31910071927
1642,239439.78302212828
1643,240133.7925580308
1644,237697.3324653106
1645,173804.74970283685
1646,148761.96091839584
1647,166325.728579829
1648,141105.9960066851
1649,124477.10888951876
1650,112263.1117560993
1651,112440.84461455462
1652,98512.6298551522
1653,98356.91303037979
1654,161997.3927295565
1655,167833.10746883447
1656,166303.46171429113
1657,162510.74125348078
1658,164006.3314678962
1659,138128.5386414272
1660,135310.04387654943
1661,437586.72373502475
1662,394157.5424163826
1663,372471.56417765986
1664,517410.4254343995
1665,331042.2777436248
1666,299349.2912495025
1667,353072.04528934805
1668,329646.7080322731
1669,285786.47899729304
1670,339479.9198463076
1671,246613.9885734011
1672,419976.70881323406
1673,303472.8849390426
1674,267766.925245266
1675,197515.9083659619
1676,194572.3697071554
1677,212572.48381743315
1678,517818.2113491973
1679,355192.493714021
1680,334702.0142437528
1681,279733.1551700944
1682,287956.29930745944
1683,212212.80335485598
1684,182454.21044219146
1685,177438.32910666207
1686,195805.66547607435
1687,172460.3829709093
1688,202137.51040363027
1689,199510.17944605084
1690,189646.5145683002
1691,178299.99328851665
1692,264882.9988842553
1693,171790.61370497933
1694,171418.6427586343
1695,174201.78896395987
1696,261865.70824298626
1697,174937.31610978092
1698,340683.191467115
1699,306763.57473669725
1700,240368.22574130728
1701,270208.84007405926
1702,255760.77160382783
1703,262112.40165590434
1704,268157.59291441255
1705,236396.95167130142
1706,426671.41130465403
1707,215572.07482697288
1708,201453.03814113984
1709,271619.4607622893
1710,229370.6332081986
1711,253712.61963929262
1712,269618.939446677
1713,247767.9002307259
1714,214201.19140473395
1715,199425.72529462565
1716,174598.2948166639
1717,164634.7604700174
1718,136293.96450670628
1719,200427.92737768294
1720,231749.73319634987
1721,166427.8851990885
1722,123786.55050856865
1723,146298.28473175556
1724,211628.42215880106
1725,223624.30318398512
1726,174475.52762783517
1727,170463.31841584164
1728,182484.73532282514
1729,155349.58303986094
1730,146425.75226294706
1731,126220.18599783367
1732,120402.37239021008
1733,114319.22687613535
1734,126254.82300442908
1735,120346.01854517825
1736,119478.0917316897
1737,293967.8401961262
1738,216089.90235628083
1739,338096.90586827224
1740,226255.49833352296
1741,184504.4119204536
1742,172485.14026478067
1743,177928.98414676046
1744,248508.69037275086
1745,230821.66753009806
1746,251916.50362464954
1747,208743.0684483125
1748,230372.59010116346
1749,152935.37226283192
1750,144158.29628588934
1751,224740.62682403708
1752,117101.10308851318
1753,163904.69321358218
1754,207421.6737395357
1755,168381.8311387259
1756,117008.44416551452
1757,112196.47415626603
1758,144669.7314436847
1759,154598.11848664933
1760,154796.86470150846
1761,147900.99598040443
1762,178711.47730157684
1763,186425.9080897971
1764,117286.92837813732
1765,177618.05710956972
1766,173338.26697161255
1767,194785.99428012146
1768,123885.73787934367
1769,177967.96679017192
1770,133890.94072158137
1771,138622.7315665325
1772,140586.64641488233
1773,126832.73788827556
1774,171769.37171765364
1775,133725.3522948074
1776,119847.16674027947
1777,112213.07597574008
1778,123150.63260472383
1779,99605.32177985963
1780,162634.7430073815
1781,126812.67588959138
1782,97290.28092630954
1783,126799.13641153953
1784,92086.16832991561
1785,115145.70140021127
1786,172684.5443760275
1787,155798.4477051897
1788,72362.0308036803
1789,106222.37113338288
1790,78331.18348660233
1791,229345.0754668325
1792,153304.670354344
1793,148874.70771595035
1794,130517.468932802
1795,130527.2716599853
1796,119435.02710567643
1797,133697.1893424933
1798,130070.1585726391
1799,103104.29306679899
1800,128893.01736811786
1801,123040.23517994245
1802,152265.8570517235
1803,167249.79799994887
1804,137999.91652547635
1805,139843.89073891338
1806,126249.1495390721
1807,136848.28367563762
1808,110396.25591021843
1809,92550.26634479592
1810,121598.0128142889
1811,95937.2496077822
1812,101617.20975670693
1813,112171.30185996264
1814,95748.96916595538
1815,63340.411933861804
1816,89473.00264931022
1817,111428.5668287502
1818,133385.53196924296
1819,117417.8107947746
1820,49555.90268885659
1821,125207.47161771827
1822,138660.25349424602
1823,44628.088810569665
1824,155304.49569087505
1825,129935.38076589665
1826,101761.32813750194
1827,104722.03259611962
1828,126254.10343455667
1829,132347.36286810343
1830,140977.27142826602
1831,133488.16780819526
1832,116297.19882378458
1833,136655.64473230162
1834,115969.38853428641
1835,124774.72466512214
1836,138409.30753052066
1837,85303.16351911941
1838,118491.75231807602
1839,96246.79950680508
1840,113308.47421752928
1841,125082.91720228337
1842,111711.91883688582
1843,132652.96998136354
1844,136053.30412155172
1845,145635.71534967152
1846,153659.72858436388
1847,181328.8421515709
1848,62904.645973215906
1849,111594.81961494201
1850,123885.1245158025
1851,156421.80936409315
1852,122181.37765956616
1853,130157.16383040824
1854,170443.24093167187
1855,159181.11167300405
1856,208640.5739459087
1857,133021.4936392787
1858,143120.36498565806
1859,123919.94350226856
1860,150412.20071463572
1861,123468.18878250064
1862,323505.8440665136
1863,323505.8440665136
1864,323505.8440665136
1865,307406.47496753454
1866,317528.7889954815
1867,246814.3800575207
1868,282339.9547757896
1869,200856.44903959718
1870,217008.68147655987
1871,258997.63461540177
1872,177942.00882023343
1873,249575.46062208814
1874,136361.4681500519
1875,202804.99011288187
1876,192125.15528116294
1877,202654.48045338047
1878,213169.56761130792
1879,122191.84740471031
1880,133117.1240510361
1881,229257.4490018115
1882,265161.19302607916
1883,202526.38813110636
1884,213533.3822164063
1885,230106.5111912402
1886,277000.42017925833
1887,203984.8571350343
1888,257953.65986026017
1889,176868.09456744182
1890,103386.07240817843
1891,122732.64554500407
1892,100356.65587218682
1893,138479.98610846404
1894,133860.48112769806
1895,145049.49148330343
1896,122730.37343193482
1897,116138.99159830922
1898,121759.71579820388
1899,149363.69080899438
1900,144168.10801965263
1901,167316.0082449038
1902,163476.84993775742
1903,236902.9300670948
1904,157695.52339816783
1905,211963.181280742
1906,167715.75586367433
1907,216162.69269061668
1908,129052.01371183075
1909,147321.2182986599
1910,142614.60718362225
1911,220728.27161316245
1912,327152.2890404053
1913,132958.55702690105
1914,53858.27492684871
1915,305234.12146549777
1916,66048.99798982842
1917,275106.0286030578
1918,136814.41238486717
1919,164735.62327979642
1920,167087.09040726663
1921,400364.03219847655
1922,323343.64742005605
1923,218662.45343359883
1924,222439.45207689653
1925,220679.84435489104
1926,388960.05025951937
1927,128644.98865839202
1928,155255.06191036737
1929,114568.37606329704
1930,132688.3493432299
1931,132501.54383797894
1932,134181.5753241713
1933,153977.80673987273
1934,179174.9191327518
1935,166420.082724023
1936,173347.7285328182
1937,178362.68224016402
1938,162808.28914598335
1939,273315.04734109255
1940,204203.86179167623
1941,180291.54521218152
1942,179763.54882472553
1943,214534.48556124416
1944,332546.31225198176
1945,346138.2943078766
1946,191507.9281290982
1947,307626.6280539975
1948,165719.91637400084
1949,210653.86160367652
1950,158938.8080044637
1951,245443.95991297404
1952,212050.72420655782
1953,166734.96851862472
1954,199123.4589402817
1955,127265.27936650514
1956,315193.35511715367
1957,176905.71009917732
1958,279689.1956876294
1959,154982.8745248804
1960,113034.49137048138
1961,120860.81164397793
1962,98668.59320788865
1963,98512.6298551522
1964,101457.06457393774
1965,160008.30515244408
1966,161204.4788910254
1967,264668.277713708
1968,393685.9903725589
1969,361802.04988604167
1970,426309.64964500803
1971,518085.4863055659
1972,378862.90095846937
1973,285641.7242914038
1974,319936.81627159787
1975,492452.7249512639
1976,258919.8516172812
1977,352125.08312594146
1978,382037.76698493183
1979,333836.422008868
1980,213268.0081049526
1981,342544.2254859855
1982,227277.31500965016
1983,227277.31500965016
1984,202212.02294617024
1985,222076.429757333
1986,209628.38194241998
1987,186729.1219817818
1988,178585.66276093016
1989,206094.4532617408
1990,219469.46778069958
1991,212909.02459727455
1992,205526.275253152
1993,186265.40309085275
1994,233957.61765039238
1995,193105.24034579855
1996,274003.60546732217
1997,342558.3420364802
1998,310680.8807089603
1999,248726.07280471575
2000,312777.28581575793
2001,265183.8163919774
2002,248570.52209744928
2003,269217.8676020682
2004,253195.44233437165
2005,241455.33131352716
2006,214827.76945594788
2007,267346.9170138027
2008,199357.96381018555
2009,181063.14412270518
2010,191438.66093664066
2011,133386.96904845894
2012,177189.59914405836
2013,173725.69009194418
2014,177593.52072886963
2015,190834.38159271533
2016,179346.92211416404
2017,192120.5284994311
2018,122339.05650199353
2019,118409.63467360487
2020,112600.02359886993
2021,111532.99659411272
2022,180094.52313238016
2023,164296.82053574597
2024,258120.735899311
2025,372011.97617004736
2026,190260.2726672337
2027,155301.3905828948
2028,178455.37565853004
2029,167613.5903491337
2030,265655.60972145834
2031,242577.1335480509
2032,255246.84271820702
2033,257061.7493279111
2034,180253.0830275779
2035,208895.91705037132
2036,204834.1390251356
2037,206025.74637366668
2038,345530.32974661747
2039,220384.17004362884
2040,338689.91888588225
2041,243914.11149419186
2042,209166.41846272044
2043,169550.79722016654
2044,190593.2622842427
2045,204043.63931313562
2046,159020.54898390564
2047,143829.5457673226
2048,120323.6964023961
2049,165340.58931559324
2050,169496.93967689175
2051,97116.43908128988
2052,135132.30302482581
2053,130671.09071814064
2054,100380.8618269121
2055,165823.6240889401
2056,134246.70685591226
2057,120855.5456135077
2058,199194.23461137727
2059,133519.76371520615
2060,146920.37245221843
2061,173318.028063793
2062,128141.50399853644
2063,119448.85134387879
2064,132076.1366197463
2065,122945.85190493123
2066,178000.88704669563
2067,127846.5271096164
2068,167131.49051136116
2069,84023.04006928731
2070,115584.90756917065
2071,92098.07660375141
2072,145994.16409634514
2073,137281.47440656813
2074,177827.0508427494
2075,118605.5781687246
2076,127162.04657066094
2077,149281.03674254013
2078,130659.60818679973
2079,139696.37520120683
2080,128798.57322695924
2081,141360.44911989948
2082,151202.68937536376
2083,145360.7113766266
2084,114515.21493976498
2085,125564.76075019292
2086,117197.7647751439
2087,112332.26715581503
2088,98406.02440351872
2089,96721.12193489121
2090,115529.41277853065
2091,90284.93850443911
2092,117831.66263185245
2093,130120.77926020102
2094,105292.80783139331
2095,135614.2362741343
2096,85670.89790325068
2097,89070.93844766436
2098,144660.17890760044
2099,65653.66265417685
2100,88711.20463341833
2101,118721.77630745959
2102,118108.81429938493
2103,92674.15852933595
2104,129118.01685898568
2105,99932.86147774864
2106,82505.91453388444
2107,179223.65640963477
2108,112456.75665450709
2109,101342.1126477745
2110,118819.65604913794
2111,154936.9486338344
2112,147893.51929925947
2113,115820.1121716775
2114,109938.4164283414
2115,153918.36251362241
2116,109627.3084129589
2117,127933.95900661343
2118,129847.81414687131
2119,117562.2369483989
2120,110786.85394346486
2121,87824.02959328979
2122,103510.73583409445
2123,91755.05006092867
2124,179233.2822115685
2125,131356.87893223565
2126,158801.79885729883
2127,143599.0663205822
2128,116114.09463772435
2129,98961.04111398927
2130,129560.1689426484
2131,164184.99505728268
2132,111048.08488902227
2133,120124.04614142679
2134,118059.23171457302
2135,91831.34536810269
2136,76537.32907677261
2137,117558.8566110257
2138,137268.30771801472
2139,158827.34875082737
2140,129519.94930533336
2141,136260.58935409816
2142,129687.41527507371
2143,146725.60431890463
2144,122189.2054757294
2145,127201.09940608461
2146,148955.42877222967
2147,170898.0381945474
2148,126013.75547760572
2149,128840.70413298893
2150,220906.26767196786
2151,149281.02193048297
2152,132854.9137912421
2153,154814.00379284966
2154,103931.6900252833
2155,125335.85301070526
2156,255193.94079169803
2157,213498.14109849438
2158,223126.09427329226
2159,216221.78546201368
2160,188694.40167627754
2161,260628.1754589125
2162,370736.345931562
2163,323488.84844798286
2164,241694.81151082288
2165,198293.23348408012
2166,138977.59857204492
2167,210331.3334827247
2168,193381.15397548166
2169,196578.8936567938
2170,210310.9932688664
2171,141441.1647850669
2172,143560.55092894717
2173,155655.46971753944
2174,246296.2111447643
2175,291047.85006095696
2176,292566.9961071986
2177,257729.22948018237
2178,224783.30966909925
2179,139192.32346055814
2180,213266.75176306
2181,204071.43684261793
2182,228299.89171464855
2183,197739.4004850026
2184,126208.91191059713
2185,121922.10246435864
2186,150082.98625820965
2187,154298.7176555884
2188,153787.08588338242
2189,232352.00575671942
2190,81729.24434624104
2191,76448.03362477757
2192,86462.14439995794
2193,101338.44620312985
2194,85952.93415152417
2195,110266.79438904305
2196,108925.45015257857
2197,114243.47681635518
2198,145702.5125277581
2199,156283.61164545055
2200,146453.90449809507
2201,143310.32177496975
2202,191265.21625045937
2203,174846.63802274203
2204,182511.97114657142
2205,141784.8856834691
2206,155440.38736961366
2207,224508.1589760634
2208,247716.53265199854
2209,235411.3524267427
2210,128712.8658566883
2211,104820.99534603451
2212,120542.44313560199
2213,94015.44190031652
2214,140691.1978097929
2215,89963.91216060253
2216,145358.23892343297
2217,69359.6352931305
2218,61317.22738571163
2219,65358.87196704155
2220,62857.817861907504
2221,305717.3624166658
2222,272962.41549948853
2223,266929.5519102524
2224,220160.67245619366
2225,140523.32103426912
2226,172177.68657970324
2227,205067.9809179732
2228,257743.78281331726
2229,243699.5254273188
2230,155481.2786695667
2231,215741.70714922933
2232,184732.7803319334
2233,173207.90711743184
2234,237500.3495142591
2235,220212.3789379014
2236,271804.92523850343
2237,319268.800079837
2238,186102.86324856608
2239,118616.96949660957
2240,155617.84770238184
2241,126290.11183179858
2242,111092.46398910163
2243,114466.4403191908
2244,92343.2897979046
2245,96113.84945236487
2246,134070.8267469731
2247,91766.01771429495
2248,118555.48717864307
2249,122542.7581102504
2250,127091.98053769028
2251,116743.97088430566
2252,188992.06581024866
2253,162938.51614240755
2254,173563.18379726345
2255,184723.83921735547
2256,181782.88718341017
2257,217572.87806235216
2258,176494.03726260064
2259,177772.70467061643
2260,157008.37505417853
2261,195589.30266625143
2262,229494.49240022738
2263,328059.16799665656
2264,426377.21069174143
2265,140237.77534710921
2266,284820.47282536904
2267,329740.73640255124
2268,403305.77327328804
2269,160006.04467758947
2270,177159.62321465893
2271,205037.72703062138
2272,199271.10973556482
2273,156850.6367226254
2274,167422.88458604278
2275,166073.22295544605
2276,188176.23871459116
2277,183864.44525137972
2278,140595.2437665158
2279,125960.88130770226
2280,102903.17755659675
2281,174493.0405237602
2282,175038.75697734868
2283,101657.91091531505
2284,111661.2340976175
2285,152724.40496724675
2286,118957.70648329322
2287,340988.28927074233
2288,308205.8645280489
2289,330310.86708020343
2290,465048.0933838363
2291,335082.13509900926
2292,400838.628443722
2293,461458.01504528534
2294,418629.5395575616
2295,477608.65288896865
2296,283248.86366969155
2297,305307.2140890563
2298,346517.2358035364
2299,386741.6069173887
2300,333290.2133149373
2301,270199.07563822716
2302,237869.5009909392
2303,252023.74790872965
2304,262047.5570644773
2305,194865.04934172187
2306,194865.04934172187
2307,198471.15160524697
2308,242150.53635250864
2309,294180.8376366944
2310,225942.24026349743
2311,216317.0175144571
2312,170719.64798771194
2313,182046.9161728793
2314,182596.01309655225
2315,178355.2165679936
2316,203749.4350520334
2317,179287.38049486108
2318,172421.60007723176
2319,180943.63987511286
2320,184596.77033568226
2321,245968.31177231867
2322,199531.9120773169
2323,172449.00232282685
2324,179340.86781240156
2325,215606.37393475883
2326,178361.81639570446
2327,218956.66354408694
2328,221682.67056397212
2329,183589.6049127966
2330,181640.2823278216
2331,345589.7900403254
2332,425699.230629343
2333,328527.9798089159
2334,280118.40116533055
2335,278581.3386951068
2336,322784.6038748347
2337,199090.30747453647
2338,253378.13563755815
2339,236034.6048342958
2340,404299.5114590667
2341,217811.62082810976
2342,225658.7530939453
2343,211425.90951931136
2344,233949.32377124572
2345,253436.96060785057
2346,212417.31339358128
2347,197218.73717882155
2348,224362.559254287
2349,149717.63001558738
2350,258223.43175781137
2351,272348.8548908021
2352,273712.1539622887
2353,266277.2508060347
2354,127860.82858686481
2355,140559.08520706216
2356,143310.9147826732
2357,200676.3126097404
2358,185020.22198197353
2359,143711.1928540845
2360,115878.39848018634
2361,130444.21822736182
2362,269665.8636148391
2363,140984.94233620077
2364,167786.51564939442
2365,225392.90634405176
2366,197258.53181008165
2367,232825.6579262425
2368,214050.20685930853
2369,233123.10739965542
2370,170786.8463444765
2371,175971.88216744855
2372,202287.23763781317
2373,274799.18337550445
2374,292649.8123824757
2375,244100.6890704263
2376,277489.0672412163
2377,354937.4790064374
2378,142595.14688702757
2379,213863.80647441186
2380,144728.64385400809
2381,156217.85235745343
2382,186216.4122151338
2383,213263.0103896983
2384,227158.15765276243
2385,150578.86340270287
2386,132325.99178205323
2387,133079.81635191076
2388,96233.41861151824
2389,132374.90062812524
2390,134812.12854960372
2391,129991.25647817629
2392,121002.57832190898
2393,168838.4528300896
2394,146737.1117374735
2395,197568.71463617875
2396,149709.62402412615
2397,197846.03486544784
2398,122009.3626210751
2399,85694.67654038544
2400,85805.48986141368
2401,114669.4620045452
2402,128136.64074053419
2403,167833.77849179425
2404,137591.83616649255
2405,158332.2510210322
2406,134702.60809554174
2407,119925.58110385487
2408,124003.26841065256
2409,135679.54147753151
2410,175601.5611575059
2411,115364.878558911
2412,143754.28879086455
2413,134240.9992846573
2414,125416.87130429855
2415,151246.2063859624
2416,127288.57342328761
2417,129369.867237376
2418,119406.33045152671
2419,139591.90964447573
2420,122308.27584899434
2421,143085.43870429927
2422,109277.30710088223
2423,105223.73191814826
2424,159038.9706251538
2425,212693.21908678682
2426,123857.24513864711
2427,106699.34478594293
2428,172242.43465107036
2429,117941.37031623181
2430,127969.68271684177
2431,124291.16471411099
2432,136233.77667581252
2433,142259.6266954194
2434,142633.71887332902
2435,156242.85726351256
2436,100724.27331417608
2437,109722.20323190355
2438,127165.98311964604
2439,102572.02654732561
2440,123091.03175795586
2441,111042.79926803701
2442,102091.41968050356
2443,115838.28498604197
2444,105368.6692534621
2445,92865.70338511912
2446,122544.34683627664
2447,154941.84596019794
2448,122604.15739265033
2449,103895.92896230756
2450,129825.70490509228
2451,112850.51257538602
2452,181794.29468055008
2453,88123.09877531213
2454,91645.40114706075
2455,123189.1261361469
2456,136163.88998895395
2457,117517.0103568748
2458,127904.84088492389
2459,99028.1430923816
2460,143292.07920388528
2461,110960.09220559355
2462,122785.97510751139
2463,120116.22660613623
2464,150472.99303088215
2465,149329.99950062396
2466,138959.55210996268
2467,140431.87946652982
2468,94814.59590650085
2469,101719.27100533193
2470,186976.27482076533
2471,170746.64991748662
2472,170286.12286083002
2473,119331.37039981603
2474,103156.74223342228
2475,214136.80435884654
2476,120073.34085661688
2477,121166.39766006838
2478,160209.82852069507
2479,119500.86078886298
2480,135049.26656862948
2481,127004.30223098544
2482,118767.51513590818
2483,119943.371809268
2484,126001.63218650695
2485,119634.86184638002
2486,158142.77459419842
2487,183018.50825940256
2488,152333.54140165637
2489,162001.2572028685
2490,136664.64852393782
2491,85047.86961197284
2492,192589.3172674536
2493,123870.15496369862
2494,151341.98078517886
2495,107651.83930380203
2496,255059.27204481585
2497,157984.45097544382
2498,115802.21117388079
2499,88665.5762972564
2500,122609.54756284045
2501,133192.232169566
2502,142945.0774008499
2503,110503.9243994395
2504,199603.3804986733
2505,205904.70834985122
2506,264677.4275619694
2507,326176.49796231673
2508,264677.4275619694
2509,224759.20893361993
2510,234108.02317826613
2511,190371.10015816687
2512,207879.80210176163
2513,206825.2630062153
2514,235877.503237746
2515,137734.69779051305
2516,165096.65904678582
2517,125885.81303828701
2518,141577.81421482243
2519,220212.54242978524
2520,203546.23321876267
2521,199717.59305169954
2522,218589.47814406463
2523,132565.06219722555
2524,143126.2828562299
2525,142699.1126042506
2526,144480.0689411713
2527,124762.79609236588
2528,130509.91028887332
2529,131309.19492826037
2530,112278.87575159993
2531,229627.40329180183
2532,228596.5254606403
2533,202622.24222425322
2534,232603.15678205993
2535,299157.826932921
2536,222500.31823761607
2537,216454.59252416555
2538,187244.46353371107
2539,184826.31006463408
2540,190657.77117461598
2541,196644.88433321888
2542,166291.92960186172
2543,130095.91844011786
2544,121271.93569984396
2545,135409.0490316282
2546,147687.72291995498
2547,144884.21676428607
2548,141936.47546995935
2549,145603.36094412403
2550,1364830.5664108982
2551,132532.40162103687
2552,115356.83703335044
2553,85643.41975471943
2554,107083.95083286318
2555,112514.0228244559
2556,104053.2695910164
2557,105001.15610838009
2558,149474.91215347365
2559,145847.31455822245
2560,145519.6843444551
2561,144777.46848271275
2562,149310.95861871197
2563,150943.36621102632
2564,199559.03479298303
2565,138775.98728126683
2566,148672.44668908676
2567,151478.40513872306
2568,199329.3043944517
2569,207367.61725287914
2570,130298.84195851542
2571,203042.63540753617
2572,164072.21292510928
2573,240504.39322803685
2574,293349.2505100749
2575,124086.07278280694
2576,103349.28714647044
2577,117836.3750668243
2578,88504.18941829227
2579,70338.84818535532
2580,77405.08433725749
2581,75474.30023743227
2582,69522.0580217164
2583,277014.506116281
2584,177899.8695272537
2585,186409.86312358576
2586,205641.38237999612
2587,195322.93484362302
2588,141510.3812876541
2589,151051.67532356485
2590,207153.02137084233
2591,210280.73089114166
2592,232613.23593244923
2593,250896.85979639666
2594,184688.25019024804
2595,219866.17581693296
2596,299855.3710553858
2597,200456.49850331538
2598,271514.3866497137
2599,367821.2283729483
2600,123636.93749078117
2601,144361.76679833562
2602,93202.5427214132
2603,92812.84036453428
2604,80204.15688778217
2605,92953.84592136137
2606,147463.15493589008
2607,175168.62971801555
2608,173308.65503538266
2609,148723.952319769
2610,98323.2946524394
2611,140249.29555844967
2612,139643.57750238344
2613,118347.59181191045
2614,119666.10050590037
2615,150635.50949397346
2616,142770.6128919451
2617,185626.8161597402
2618,186961.25335361084
2619,219504.8487673989
2620,174264.8214553904
2621,177027.83574128614
2622,184413.69834180668
2623,256657.00523252864
2624,284033.81573857885
2625,346760.5066186959
2626,163121.10395083754
2627,187977.91642722458
2628,396422.9773231595
2629,565485.2830578507
2630,337370.78808189376
2631,448093.5058432516
2632,398264.5002951956
2633,293529.52647861314
2634,358046.8051218109
2635,153715.04282000125
2636,191805.1269407663
2637,173334.37933368137
2638,255685.84631974954
2639,178798.37984700565
2640,145625.488699289
2641,112861.6117507314
2642,178517.79587844925
2643,107902.88289794861
2644,125551.34776218364
2645,99502.19022953261
2646,97765.92821887998
2647,101411.73080189138
2648,157880.55545122075
2649,141648.8861648973
2650,152999.18999243542
2651,166830.45560694623
2652,385969.5306594647
2653,269830.2220559343
2654,254633.55441804227
2655,355785.4626760434
2656,313498.5480401599
2657,329412.42562873656
2658,318206.18068594387
2659,318907.6596651685
2660,339250.14830266207
2661,339141.1895587932
2662,336951.8216793932
2663,277254.295661984
2664,292978.5567476049
2665,307693.81851137814
2666,296915.78654127335
2667,175044.4400552786
2668,181806.71889363125
2669,177090.8286155443
2670,287376.46110671357
2671,181806.71889363125
2672,203700.47894315707
2673,213167.58719026137
2674,196141.9300431546
2675,180636.2460456019
2676,199805.56046261668
2677,193526.27821096158
2678,252526.58271972768
2679,272694.65555818804
2680,295686.5099671301
2681,411527.1702320689
2682,343447.57115022565
2683,493558.4297127305
2684,313997.8036032993
2685,341824.2600988271
2686,259829.72534858953
2687,273108.2751880178
2688,223200.67125899676
2689,208557.81770141106
2690,409434.0689778258
2691,190406.10220072503
2692,136826.27839040922
2693,195593.02537584727
2694,134741.28612650934
2695,195396.48530270625
2696,188450.9061705578
2697,184882.30531324574
2698,179148.9605431996
2699,176852.80590311752
2700,163547.05378236665
2701,160504.93532799548
2702,122960.88344488121
2703,136486.81562035042
2704,136226.01072954276
2705,124903.97442642367
2706,120016.03277013787
2707,123993.55489659782
2708,126995.66194962875
2709,103067.57713936511
2710,127556.96759526643
2711,283099.740562339
2712,366717.6885630078
2713,191908.76572794205
2714,169503.1362559971
2715,173881.0576494893
2716,166646.39886618397
2717,183781.85535567428
2718,253644.82068496314
2719,138567.452451596
2720,169547.8983753227
2721,134927.58551510237
2722,154940.04683558963
2723,153740.09344649615
2724,120101.51406494204
2725,124780.89670112728
2726,135837.2310501586
2727,180217.7031776445
2728,166866.9580040645
2729,147632.73402106552
2730,132990.68339960024
2731,125126.04004411298
2732,128799.04935184565
2733,150913.75828491853
2734,156827.0472152424
2735,128034.54587778253
2736,144545.2699129584
2737,120064.85137167058
2738,157263.64915989785
2739,166603.1261015583
2740,142161.28152283444
2741,158998.02517436267
2742,154845.5265855299
2743,133666.81570107208
2744,138332.7057325201
2745,134947.42851940496
2746,124130.94934945606
2747,154513.78359641883
2748,120187.5257395697
2749,122589.57364094243
2750,126840.91654450765
2751,117169.55922698406
2752,195662.74708777133
2753,140123.3328241647
2754,250589.9209744486
2755,143468.97134683325
2756,90402.22753241839
2757,90672.49164334842
2758,94209.31470355681
2759,146167.0306502748
2760,141731.85476101225
2761,149264.7590868205
2762,142050.305916821
2763,185702.10293339877
2764,147876.86129960336
2765,246807.78440516556
2766,125924.32127235911
2767,91260.57795123827
2768,135211.42393749315
2769,137723.23231254576
2770,143878.38728035512
2771,113693.97256086723
2772,110497.275290176
2773,143411.09812268522
2774,134664.7213647166
2775,118968.41746413097
2776,121348.36351864885
2777,119434.35699048455
2778,115341.71072392278
2779,129919.05440161185
2780,106186.50689375438
2781,91164.15841804072
2782,90471.697251954
2783,86587.07240635622
2784,109078.58000988359
2785,131713.09271530784
2786,69996.08306389226
2787,123935.69145218807
2788,83825.59020183566
2789,161616.09171270835
2790,88979.2861225101
2791,112147.95720338702
2792,55348.779785568426
2793,149498.45368644482
2794,91337.57075078943
2795,118127.00277047826
2796,106866.76909389184
2797,224829.7040197793
2798,109509.43613926602
2799,97818.52781065425
2800,82061.95086749284
2801,107876.09659394805
2802,134432.43271793344
2803,208385.43012665733
2804,125109.19264673717
2805,90683.28452691482
2806,101148.64128222768
2807,146677.58199517362
2808,139933.60650142457
2809,134111.38401352856
2810,126070.82261518396
2811,158164.73197137407
2812,146175.80750295712
2813,192710.09608712734
2814,192082.86898867902
2815,120508.60847429498
2816,254088.75130026272
2817,148871.19000634615
2818,123207.35629430911
2819,186593.70360763
2820,135858.61011831992
2821,128963.19345725705
2822,154630.9099072032
2823,339158.2357370337
2824,177281.908374278
2825,117028.3744967561
2826,127902.49747791444
2827,155020.88573336139
2828,234658.41985880843
2829,202602.03390105112
2830,240640.19892711972
2831,185826.8516516853
2832,234706.64020240965
2833,260548.8204155287
2834,209559.20462535103
2835,228887.6899386596
2836,195771.2947611596
2837,187791.5714675313
2838,149222.20193339593
2839,179996.50951045734
2840,197623.0653234697
2841,202593.6642483323
2842,213805.900038732
2843,147967.88002814064
2844,163069.20156935902
2845,121246.71961486072
2846,205180.5624679707
2847,190099.81156624953
2848,208569.03010073153
2849,213250.5929697368
2850,277942.37956431933
2851,229888.54052100668
2852,242002.54080952815
2853,217827.54513072807
2854,138499.0526772039
2855,198470.6887714797
2856,199338.68034541537
2857,196584.10961567677
2858,195969.67829165113
2859,118969.69291201817
2860,116935.47014572495
2861,133715.35091284075
2862,199210.79486953063
2863,121742.79216146274
2864,257633.99854064666
2865,127595.60166396636
2866,173841.50395486376
2867,111013.78864020719
2868,128829.61611368577
2869,122761.7346681582
2870,122167.88055813973
2871,100562.87495434834
2872,71219.32532969484
2873,108673.2743326043
2874,144374.69001722964
2875,131063.76603464429
2876,142886.02282327018
2877,134141.40114959946
2878,189244.3975770549
2879,134374.6710099395
2880,121204.78054707583
2881,154180.27276062456
2882,174257.29694148837
2883,187258.17967781154
2884,182585.37643883206
2885,187852.35568694002
2886,205713.27939400938
2887,106013.71529189422
2888,129556.75625601778
2889,73578.68975782717
2890,85785.00398866142
2891,148249.10247837557
2892,41091.560191187076
2893,68967.8236640428
2894,50772.91933479012
2895,304610.52596768946
2896,292438.5084002974
2897,196817.27497203596
2898,161395.3833938208
2899,224189.2602653309
2900,155468.3121310277
2901,199245.26173934725
2902,183096.8288986721
2903,299919.051926777
2904,320567.10365867673
2905,87034.45928108525
2906,191430.35833739588
2907,106628.77356890416
2908,116441.1038811093
2909,158537.94322329463
2910,73764.82678536787
2911,93350.09924353393
2912,139858.09617040044
2913,82920.37199532862
2914,80136.60053200455
2915,80331.13460860853
2916,82376.9554779827
2917,140657.09694269864
2918,111509.35701014419
2919,221878.7416605241
