Id,SalePrice
1461,116257.61632732532
1462,143241.84114876558
1463,172456.9294018212
1464,181855.14360193157
1465,192785.04318162779
1466,174319.23746049905
1467,165667.3832061045
1468,168781.43986241717
1469,189513.53309322667
1470,120388.0733145911
1471,190289.57576794826
1472,97474.43757996739
1473,95217.96919895388
1474,144812.8055715473
1475,116457.07858310106
1476,374534.576162706
1477,244659.20033345197
1478,306268.5194578173
1479,306011.5232494656
1480,509651.4251265351
1481,322841.138842161
1482,212524.25008819945
1483,172044.07850103968
1484,163280.3096025045
1485,188272.3248678131
1486,195351.97375178678
1487,324051.85428894416
1488,219434.48520376295
1489,198924.0117894904
1490,222031.873149455
1491,198636.82228127628
1492,102237.42726037606
1493,180244.05066559598
1494,293272.422728356
1495,292042.9533178622
1496,225935.1437736129
1497,189650.16947820951
1498,169024.77171829663
1499,162799.44006493117
1500,154585.20994851686
1501,173502.9005600259
1502,157634.96250514596
1503,251079.7087064651
1504,243403.5571204034
1505,223227.47786625038
1506,186260.06258474343
1507,254295.33200591037
1508,212363.85211758918
1509,151792.35609556563
1510,144621.6316121687
1511,141841.5757908885
1512,164409.94513921242
1513,147347.14741873532
1514,145407.67640892247
1515,199272.24118950867
1516,157064.03262106446
1517,169078.39625710415
1518,151316.7079647478
1519,202259.48565690787
1520,130354.12940301445
1521,129898.06425006517
1522,165303.46498560725
1523,116477.15878097837
1524,109575.06814061436
1525,114633.21321788771
1526,121139.15407904705
1527,115664.53595771501
1528,132591.8579406204
1529,139316.97197599526
1530,168602.04780148674
1531,105983.86771965603
1532,93132.47531172344
1533,141636.35418058047
1534,118982.59837420683
1535,138971.49834535862
1536,105371.97721569084
1537,69165.89023623016
1538,132889.90071750272
1539,157807.85715522617
1540,106968.09668088632
1541,129934.1112783673
1542,147471.57895364868
1543,185254.7152967096
1544,99248.45287154063
1545,112398.80197509367
1546,138033.99870176194
1547,130936.23967296677
1548,125931.5449662582
1549,106880.08724160322
1550,134623.84463179047
1551,100962.40095184448
1552,132498.26540851293
1553,120392.72281516115
1554,117319.23172509272
1555,168573.0606824401
1556,104634.14393377428
1557,102492.74376166661
1558,108999.69807266742
1559,67803.54460399761
1560,146544.38736532826
1561,141114.45689821529
1562,132146.1574378682
1563,116588.61032158873
1564,163197.27537543428
1565,143595.54207541162
1566,228216.26298264257
1567,90261.4803551025
1568,242149.08590879577
1569,132933.52699801172
1570,135444.2997156057
1571,108243.3337050032
1572,136262.3748233167
1573,216260.25253857285
1574,138632.29746925904
1575,213120.18050367694
1576,185171.77226957455
1577,180789.086166395
1578,142392.2543740815
1579,140680.33866702014
1580,196251.3482336429
1581,148501.13258092743
1582,124591.02350671655
1583,292744.92054272443
1584,220688.8423031598
1585,137141.27899582978
1586,84043.50119148992
1587,94184.4472031295
1588,138190.8784200258
1589,95977.91033681713
1590,142216.5554686329
1591,91311.1669332855
1592,139791.70611622956
1593,124407.07444065825
1594,126819.58412557257
1595,114909.31604407485
1596,229027.00780967015
1597,203811.41986659725
1598,241638.25774393877
1599,161852.9374729893
1600,170271.07779306703
1601,71249.42252666279
1602,114272.22156182818
1603,59819.210647318694
1604,285889.59725501866
1605,239840.19399363847
1606,168463.43101759962
1607,171721.9110899685
1608,215739.5455142736
1609,184122.5354287258
1610,155139.5028026859
1611,143062.51613464925
1612,181716.55077543957
1613,164655.04238092995
1614,108710.24376696291
1615,76304.40447900815
1616,78914.8843835901
1617,89874.42361974533
1618,117777.74044738253
1619,132846.78376860954
1620,215199.600605334
1621,129484.66476671417
1622,136017.53316081292
1623,256494.61046190743
1624,208380.62133253712
1625,108299.01287633662
1626,176930.6092781224
1627,178539.20758332824
1628,257585.1702398697
1629,183105.66684640225
1630,352042.3132751255
1631,251214.46094229343
1632,240066.71976740478
1633,170146.94205413817
1634,183100.7369111068
1635,177807.94881040978
1636,159974.10786515533
1637,185786.15950997444
1638,184975.1317774885
1639,181450.67483011598
1640,239268.58696395418
1641,184940.3038472387
1642,264742.47366519884
1643,237126.71758471473
1644,231307.21107454365
1645,177879.23707067492
1646,153359.29598732345
1647,166835.20640764796
1648,136252.18098966367
1649,134364.66283511225
1650,106930.0446031529
1651,116679.7169885755
1652,103964.87134536635
1653,103675.83679210965
1654,143786.16216804448
1655,144569.48441845947
1656,143252.7490142727
1657,151561.0182182577
1658,147364.16992196243
1659,121044.9519691615
1660,150082.00604166486
1661,455701.0259323386
1662,416135.0534690007
1663,390497.505018621
1664,556329.3545587342
1665,325725.29059406265
1666,309286.12807409134
1667,356783.16341735923
1668,348923.44439926086
1669,317744.9131117089
1670,350245.9417210921
1671,249957.35129236517
1672,429986.8221696199
1673,298585.65988949744
1674,251983.57260254814
1675,188853.7226242015
1676,187969.97460327443
1677,206108.45195731518
1678,477853.04136067454
1679,388671.6706490916
1680,330855.6739589084
1681,261021.83652981377
1682,293874.55959416326
1683,190220.3537591015
1684,185855.07334382032
1685,181224.54340246247
1686,179052.74769977038
1687,182618.3181815457
1688,188967.01941528913
1689,199552.33138881196
1690,191253.54448461905
1691,183292.35238046333
1692,251956.37305952582
1693,177486.16480114395
1694,178700.9400829628
1695,176048.17919092107
1696,252087.95642214807
1697,176449.06862268236
1698,337733.1438789455
1699,302762.94141774904
1700,246268.61709077915
1701,272475.18176947354
1702,244982.56835954404
1703,250157.82352383394
1704,269677.31124933116
1705,231860.48116964826
1706,424606.59325699037
1707,217093.33791317616
1708,200305.14705757055
1709,268558.6200508311
1710,224107.8383503563
1711,270819.0844581848
1712,258051.785825678
1713,263973.13275321806
1714,219842.50378940426
1715,211610.12143113324
1716,174441.62397346634
1717,178783.6454338204
1718,137963.09750940508
1719,202955.51151260413
1720,223177.59104360556
1721,168086.58639864382
1722,129008.84071461325
1723,158473.9121560845
1724,204206.71368447383
1725,230508.71358988245
1726,180219.32325231947
1727,155513.45208357595
1728,187843.1638337777
1729,155418.28848129816
1730,142749.103379562
1731,122770.33693137822
1732,120758.50432075797
1733,107679.92612391285
1734,117275.14136201366
1735,122183.26650140365
1736,115393.58183074149
1737,318015.997249737
1738,235324.8642957062
1739,282333.76060475776
1740,213478.86264773007
1741,179187.71937730175
1742,175346.8177858139
1743,176319.68426677003
1744,318889.9699595824
1745,237691.33481297153
1746,254476.88496668663
1747,205222.44521660355
1748,235578.22626241448
1749,157732.16845673978
1750,136707.60226302122
1751,219156.90314448223
1752,119733.38704787203
1753,154438.7144702332
1754,196497.43090189344
1755,178883.86734194297
1756,113542.70749282464
1757,111329.07052234681
1758,138880.51713307106
1759,161329.15170717717
1760,160718.54440698228
1761,141174.38936000966
1762,177986.50096582537
1763,171770.4531691107
1764,117988.52416852622
1765,167383.2436089212
1766,180060.07268254875
1767,205295.1722713816
1768,123087.94965843407
1769,171585.91731681212
1770,148082.3251371006
1771,121245.67863068663
1772,129775.80679190568
1773,118790.4962972314
1774,162363.8958637063
1775,131825.071069337
1776,116816.5906134973
1777,105810.38526755733
1778,134640.0088111372
1779,100944.31330330163
1780,176441.72402010136
1781,115026.3822325429
1782,96741.93932333216
1783,136649.53813274085
1784,97912.37655237452
1785,112060.1635454691
1786,157749.61427812063
1787,163327.99516720345
1788,72830.61566772748
1789,99437.43470556081
1790,90641.86688320528
1791,218920.2708329263
1792,145465.3919655732
1793,130028.98506999858
1794,143628.6960817611
1795,128676.46515974682
1796,125751.39504093616
1797,116833.33139152524
1798,122133.73458812163
1799,109783.66798757332
1800,130917.63711351721
1801,133316.56525015048
1802,138816.60523561304
1803,153720.87978797936
1804,143559.9221595769
1805,136614.31663811533
1806,127711.07244245516
1807,143590.40326913088
1808,122350.3770015577
1809,107277.59918673192
1810,114552.25659226776
1811,75015.93613910575
1812,94529.12079475199
1813,112461.77818179173
1814,89696.5886436139
1815,66822.27256920795
1816,87661.27207279237
1817,104187.65391465696
1818,148683.8849565111
1819,141926.75159286524
1820,55910.99472495234
1821,105783.26365368137
1822,140577.61057128923
1823,44241.76640104614
1824,134877.60781971068
1825,140474.73877546258
1826,106113.1800608586
1827,111376.73429836024
1828,115700.30212480022
1829,128265.36940566872
1830,139154.90939572608
1831,144249.55545967814
1832,93892.14772240927
1833,134525.95830418606
1834,115911.08390403987
1835,123857.7255097418
1836,129508.85703682229
1837,82061.78317534947
1838,127559.90005282825
1839,92848.58595327288
1840,140788.60694184678
1841,152360.51835690386
1842,115917.38797103406
1843,117745.86001581029
1844,141143.80625443815
1845,150348.69483451475
1846,152114.64394698813
1847,181117.20458100562
1848,58892.09595077247
1849,104416.49560922472
1850,122079.10418994955
1851,141933.27767206146
1852,117665.65141878817
1853,126283.2268891454
1854,174245.03706666938
1855,161017.28973743803
1856,224621.42179529532
1857,148093.5117326051
1858,130489.93139292407
1859,115025.02618258413
1860,154783.99216447066
1861,113336.70343045838
1862,366769.39784680045
1863,363100.12359014066
1864,363134.6200609948
1865,322761.0978426983
1866,320504.0338650406
1867,235194.17228546142
1868,280934.4005750049
1869,207869.65590144397
1870,222145.8893245249
1871,246696.01305440132
1872,186348.14825812753
1873,253021.84426597386
1874,140012.6762781114
1875,214475.5390265843
1876,200839.54240562505
1877,201368.69769730678
1878,198162.74288343466
1879,124624.6852394008
1880,128137.67915834757
1881,228474.40804593757
1882,255511.00467632935
1883,194931.24928828285
1884,207462.86663688856
1885,239886.08768852786
1886,275421.13625393796
1887,210410.15463521366
1888,252367.1318707559
1889,177284.49213268497
1890,101070.4778869848
1891,127390.55276245302
1892,96245.60071072329
1893,132241.82368617447
1894,124804.19468791377
1895,136796.41911022423
1896,112125.97699063375
1897,108855.93373271934
1898,118388.29998131737
1899,161545.6763247764
1900,142869.7496444795
1901,170249.99611671476
1902,160879.05397784477
1903,219691.07022808754
1904,151144.26051215542
1905,208629.20949221245
1906,167104.21177404097
1907,223223.95687336137
1908,112134.38453773157
1909,143802.4177708021
1910,124411.34731342204
1911,240293.27451016434
1912,350301.0259062213
1913,135837.3791734792
1914,61099.806161901644
1915,327899.94159506256
1916,71763.61645140406
1917,246119.74155952162
1918,145995.65749085273
1919,159847.42304287158
1920,160312.5893070064
1921,379991.4268136004
1922,319054.93616830563
1923,215867.43431412097
1924,242725.4663970903
1925,193754.63539546676
1926,376875.9378989846
1927,121204.73273525228
1928,156736.9348410589
1929,122225.59230194056
1930,141163.05568866737
1931,140678.83188572925
1932,132376.48109810372
1933,152392.62844882385
1934,178316.91941810236
1935,162698.15023658733
1936,177185.14342252482
1937,177933.5105974106
1938,164276.41763843666
1939,289994.1713112809
1940,203262.80725746753
1941,168693.70276108725
1942,182364.2999154587
1943,225192.17847928527
1944,387971.17530046444
1945,389018.33200093324
1946,166478.61107257797
1947,337430.1242457962
1948,160486.04683148675
1949,241421.98146913934
1950,171109.5489806601
1951,234529.00431933318
1952,194744.60110078592
1953,161969.75267368736
1954,204923.55737837023
1955,117100.44559476359
1956,292604.53831105505
1957,164268.44764341376
1958,276763.2224432009
1959,165358.29340153773
1960,114971.643219692
1961,123940.71493385853
1962,102083.24287961588
1963,101250.44501490418
1964,105638.02513599466
1965,143078.46601515013
1966,136381.38378524635
1967,267366.7440013529
1968,419676.9845516891
1969,383798.352325287
1970,405765.2633110594
1971,497778.1751372613
1972,386843.96374303865
1973,279083.5133412025
1974,331053.5982933676
1975,509975.76322116604
1976,268514.4859114741
1977,360729.2718412659
1978,363154.6696585711
1979,322822.36038534174
1980,200178.39630830396
1981,337257.9362710111
1982,217130.8858585984
1983,205282.9760391478
1984,176198.07976902343
1985,207197.1119987916
1986,195575.23607801695
1987,194489.06656628643
1988,175586.852641084
1989,194723.8032078631
1990,205215.88306535486
1991,206375.17754862353
1992,209008.47760739518
1993,180915.69794782618
1994,224247.17925694233
1995,187457.630406966
1996,261470.72052856864
1997,345922.81742176396
1998,315998.70384543925
1999,256811.0989399472
2000,306646.947127621
2001,274740.7663345167
2002,247489.30650330553
2003,261864.80243457042
2004,266387.00802823674
2005,232922.55570800588
2006,216934.30934229516
2007,262827.82699156157
2008,207790.69563461584
2009,199299.9018301402
2010,200149.00285130684
2011,144579.77682925883
2012,183678.00887719897
2013,175325.48118863226
2014,181438.0808997858
2015,195970.0453932899
2016,186947.31644682045
2017,196294.72233626829
2018,127335.58196910238
2019,129208.48902542793
2020,111404.34174972441
2021,100935.91294601391
2022,205437.00521398353
2023,155180.1425172285
2024,265130.9658506463
2025,362885.112487761
2026,177546.65271839735
2027,160831.7267687862
2028,154046.8128663618
2029,166049.4690629667
2030,272411.08412523445
2031,232810.4795883142
2032,254943.03720563604
2033,259735.3836087093
2034,175767.13062991822
2035,227095.64972028945
2036,189625.6524164407
2037,191008.486910953
2038,344723.6633963525
2039,228162.44525127026
2040,318279.9386437337
2041,277808.04983043234
2042,216216.77349499526
2043,176293.52051939658
2044,161239.93580184618
2045,190830.10343091423
2046,155776.49032256272
2047,141078.41565054984
2048,133626.0762048107
2049,154729.84598028817
2050,164378.6508587527
2051,92845.45561764829
2052,126086.492287689
2053,140527.91825304195
2054,97113.38485644416
2055,149235.71558212631
2056,146438.30088427378
2057,116204.53396015843
2058,203780.84104785684
2059,131427.45414867537
2060,158432.1056300797
2061,169497.86626963434
2062,131928.54154929743
2063,121916.69398435164
2064,130060.75397726525
2065,105112.86026774075
2066,171715.83868735985
2067,141263.1734626724
2068,157995.41001004697
2069,85739.72801936766
2070,107047.1849802906
2071,102543.15073535075
2072,128724.77378200507
2073,135734.41621786734
2074,181763.97732820277
2075,133445.7701979405
2076,106859.19205451965
2077,152356.07295109445
2078,128291.80871436096
2079,127915.10977568357
2080,121300.27834106424
2081,132356.14634292776
2082,138320.890282418
2083,148514.69681487157
2084,115226.12041279415
2085,121488.57712293616
2086,119695.30847791245
2087,119528.99133328149
2088,98154.29126850469
2089,91859.15990627307
2090,125345.98200133206
2091,101394.38795573464
2092,125516.85159283243
2093,126727.64327308285
2094,119463.47391120465
2095,128569.07469774042
2096,91447.19819601861
2097,88005.46543911446
2098,131019.32199429862
2099,64844.42267380984
2100,86419.73576237512
2101,123536.8896065575
2102,115206.18488688901
2103,104630.12056696514
2104,118921.0898310628
2105,104964.05025161563
2106,69372.447016716
2107,190755.72242665535
2108,108956.78195576304
2109,112382.87116715369
2110,121078.83909722847
2111,125212.97428084332
2112,140634.5420262864
2113,123806.74648454793
2114,126350.13916904565
2115,160608.91761088077
2116,113568.56956880735
2117,143308.52918813837
2118,130545.01261536923
2119,112200.51515478008
2120,120723.10354842215
2121,86588.36751136454
2122,110237.52227760287
2123,102952.29558385546
2124,170582.7233555968
2125,123464.4257991932
2126,164745.39359594186
2127,153761.566639626
2128,117663.59853366738
2129,102459.33882668552
2130,120257.50102624382
2131,148299.1886979011
2132,111781.91269785636
2133,127468.97929149118
2134,121590.54894354464
2135,90279.26670624201
2136,74861.64793925929
2137,112491.01408830195
2138,125839.14257700024
2139,154747.21977863373
2140,135876.61951430887
2141,134948.37125695517
2142,129445.3922554206
2143,148293.41035263843
2144,105733.49648615884
2145,133720.22009765546
2146,154637.62882621994
2147,166706.2459024874
2148,117856.23623924075
2149,116846.77931577674
2150,221379.10043472023
2151,129180.62299793135
2152,137691.09203268556
2153,149500.03333375326
2154,111762.08192322213
2155,124002.55632950175
2156,260618.49105573876
2157,223099.23499602676
2158,219517.92402375265
2159,226667.26174873608
2160,190113.3769514996
2161,245206.90639435733
2162,345943.6896464935
2163,348318.89826484234
2164,238407.65927737072
2165,204118.81942981522
2166,143519.44570422726
2167,216405.94932497977
2168,198912.59043090552
2169,199151.09522847406
2170,215088.67452409613
2171,146710.9907137093
2172,132042.22365244068
2173,168779.05537343406
2174,235173.20039269055
2175,279880.5775278751
2176,287680.5872924742
2177,239030.7714317004
2178,227700.65036058697
2179,137858.0884277497
2180,217754.17834290053
2181,201979.5459756101
2182,211209.32751767882
2183,197511.62118198
2184,111061.02207972662
2185,123435.63093789869
2186,131224.13083026407
2187,152202.09487511741
2188,157620.73247537858
2189,292082.1724511669
2190,76542.5255183218
2191,79809.77444973118
2192,90272.74527554539
2193,107391.32782781219
2194,91871.69025608098
2195,103682.97043512251
2196,100905.09440960674
2197,120487.13790394884
2198,147388.9189135155
2199,171133.5896712511
2200,142621.05335111014
2201,147772.86673358025
2202,207681.58327254196
2203,157139.19556643255
2204,193835.81503716685
2205,131918.91234671866
2206,158184.9582639021
2207,181210.4667157531
2208,269721.54106506857
2209,241650.90555651704
2210,110738.65099761177
2211,118458.8153585243
2212,122104.57562219814
2213,91930.09188864702
2214,140916.52437354013
2215,100330.70378685102
2216,144093.87588141867
2217,61530.20212524944
2218,66031.0940918812
2219,81612.92785572525
2220,58048.05020152892
2221,328814.0833668031
2222,290012.8167039464
2223,283205.28313354804
2224,214858.19180140144
2225,133170.35295149114
2226,179420.4136641302
2227,188236.28253744266
2228,253241.72598251747
2229,257421.51113322683
2230,163400.19557032635
2231,218004.16452625618
2232,177396.355800123
2233,183268.60730167723
2234,241584.27519544307
2235,220380.2239880914
2236,264261.02970189974
2237,316096.88131539593
2238,196857.88019601355
2239,111262.11996977698
2240,153776.55650610317
2241,122554.17539329476
2242,105304.76418611112
2243,112535.17138344033
2244,100006.44441022065
2245,90868.06816159208
2246,129880.28922327992
2247,95706.36949567747
2248,117050.06948091072
2249,122053.61245873536
2250,121639.97418676117
2251,136326.3834422187
2252,180742.30916159778
2253,166809.05588572315
2254,177344.7314406785
2255,179726.1825884653
2256,175999.83172575125
2257,223746.94143760207
2258,166483.79514494154
2259,176090.90981662017
2260,149169.7259002571
2261,198345.64012775387
2262,222277.1324750608
2263,398921.784343663
2264,510840.6458355887
2265,152771.14889303345
2266,314579.7651542581
2267,368104.67449080775
2268,446416.60784741875
2269,153386.1299773945
2270,187390.15449271278
2271,202707.22910165842
2272,197751.68220520884
2273,153855.33983434498
2274,184036.23227118343
2275,171295.36763602708
2276,185392.80798598583
2277,183272.32076376755
2278,141733.8248542703
2279,135991.86834805025
2280,106748.6370086742
2281,179395.2454142962
2282,181124.7196208981
2283,101151.37402658036
2284,115838.93220621339
2285,131419.26186771085
2286,119691.46853917133
2287,372177.5978605585
2288,299047.9594150735
2289,346187.2810773419
2290,477892.4035357659
2291,343020.5074459522
2292,433868.20935336465
2293,471793.8641880285
2294,421165.7302113755
2295,522896.47849775705
2296,290233.97272427275
2297,337749.2818224737
2298,371313.2689782913
2299,382652.5199411142
2300,341172.34251226124
2301,312229.7302067114
2302,246960.261774162
2303,248297.0061919073
2304,252367.15867565593
2305,191163.74748237844
2306,186809.87114240948
2307,198605.91243203133
2308,223584.40192830394
2309,289684.1337059557
2310,208959.6027379035
2311,203077.25690230206
2312,176323.74275320186
2313,180716.95345836366
2314,175894.19322679783
2315,180332.0004507792
2316,208382.3201061143
2317,188239.22103113838
2318,179665.20855584813
2319,180877.76213570143
2320,180362.050780057
2321,222403.8825333299
2322,200950.6466979414
2323,184702.8097292382
2324,175639.75549959837
2325,222952.85655608997
2326,178458.64483951678
2327,205248.88048699612
2328,207818.3489187688
2329,191193.43857244524
2330,181215.94082225236
2331,348907.2672297708
2332,427540.90603425377
2333,318527.1485618311
2334,268175.7850204754
2335,280231.05253310653
2336,303127.41334437515
2337,199283.02817777783
2338,256837.0292553256
2339,216822.7818694728
2340,408185.8538981463
2341,243936.65464173426
2342,230826.8373734248
2343,231851.3167974087
2344,212671.70307179156
2345,236389.55457349806
2346,212207.95027501354
2347,202730.40040238854
2348,235056.89164974948
2349,166416.4031967517
2350,303803.72127968026
2351,290174.6363087773
2352,271551.44522539875
2353,266499.32100804424
2354,136770.99159697918
2355,146914.80524392813
2356,150338.42954021067
2357,194568.86133687818
2358,189474.3168431423
2359,135511.36546399636
2360,118559.59498980471
2361,131317.19051487691
2362,288792.64592223143
2363,135715.7925466454
2364,156061.11018868547
2365,222163.6985182868
2366,192409.9896289761
2367,219408.11083936392
2368,218040.38534601952
2369,220763.34784949254
2370,169029.28691424086
2371,163175.7389355629
2372,194703.83955243023
2373,274818.3164979743
2374,308976.62560503586
2375,249756.56149482707
2376,294936.7977266382
2377,369089.83387148264
2378,147050.90473252122
2379,205430.1326854141
2380,147497.40437584918
2381,161025.38906313642
2382,180258.21098629475
2383,204551.01103259614
2384,233562.4929955006
2385,152268.57884291554
2386,129211.97936260988
2387,139726.1182111454
2388,99251.75330559502
2389,119348.22956581909
2390,136764.99869014136
2391,124996.40294345871
2392,113010.70960289016
2393,168291.03952233092
2394,148546.58107913786
2395,206837.18672441412
2396,147542.3384643579
2397,220340.81126645088
2398,122969.94295233196
2399,76278.823055263
2400,80260.7660169672
2401,122406.3681417733
2402,127638.16306074504
2403,159826.9368768078
2404,153989.02893642205
2405,159168.7830070023
2406,139469.4800909113
2407,110212.49334508715
2408,117588.26943887878
2409,128318.52991353889
2410,165101.21872640087
2411,113227.52701636344
2412,146560.82035280662
2413,134187.51254900463
2414,146691.43172814112
2415,141962.80795415724
2416,119424.67730363835
2417,124921.62541981321
2418,129275.95822644797
2419,126332.63562274128
2420,121634.14813826527
2421,142657.68491092764
2422,104950.0711433416
2423,112604.88042870697
2424,154937.20062949733
2425,203840.88662828598
2426,132833.01351851257
2427,118312.14071724511
2428,192256.67318068224
2429,111013.93044843196
2430,135171.3805948184
2431,125564.70001582862
2432,146577.6223462413
2433,140228.15687212808
2434,138432.47020480252
2435,152301.8672170563
2436,101487.61835131796
2437,107822.0950268102
2438,127052.47287697243
2439,105272.99744488811
2440,113661.58296018693
2441,91116.38831552633
2442,111135.43688870595
2443,112972.25490714103
2444,111456.45937699678
2445,89580.60749167307
2446,131124.1020481484
2447,167171.00755845863
2448,115249.50238819144
2449,101414.72196161526
2450,139701.21196294177
2451,116972.81781768237
2452,185882.52725655507
2453,90407.94568414075
2454,114404.22000661507
2455,136150.06996445748
2456,129562.62119170574
2457,134056.11763659818
2458,130605.99346024166
2459,98008.08579454916
2460,145040.16414496014
2461,114309.2375739273
2462,131053.21181066637
2463,118994.55509526255
2464,165324.44990993006
2465,131685.11259132763
2466,112637.69287384614
2467,146504.25678626384
2468,88721.12085722738
2469,89665.16155801703
2470,195914.60206622354
2471,179091.72242383016
2472,155518.5795477814
2473,108847.82776934117
2474,91241.54296818546
2475,202726.64487397939
2476,128437.67056039015
2477,124938.9695689765
2478,164190.45556580776
2479,119013.15162857814
2480,149239.31979017603
2481,127840.01302390647
2482,130028.80051380381
2483,116794.97994883687
2484,124738.8082100398
2485,120166.3671022521
2486,162024.58917124395
2487,197139.48168301253
2488,149145.15451346457
2489,152587.2391999838
2490,149237.97320019617
2491,75120.14743116044
2492,184412.21818187376
2493,151296.22095927983
2494,153527.78665284585
2495,106815.6804823214
2496,238379.93891470254
2497,143151.74789762852
2498,118500.65139737865
2499,93497.19125912586
2500,116128.80109660867
2501,122723.83053255607
2502,149958.4256685554
2503,98992.16600064197
2504,188592.71199105523
2505,227211.2086189422
2506,251788.05925073006
2507,307555.5465853662
2508,252223.51998052516
2509,218025.27820817768
2510,218622.18057774424
2511,183092.05518609783
2512,208553.51472550334
2513,215293.3991386112
2514,221850.9381372379
2515,141771.8792460892
2516,174730.47207717228
2517,137775.07386481075
2518,156358.32458745412
2519,221546.34324699768
2520,210624.3179483085
2521,192434.1693323421
2522,222000.26716023416
2523,118708.31479372531
2524,142288.07899901958
2525,132095.45785025673
2526,138511.7988517236
2527,129460.56147948092
2528,121086.62993006605
2529,141492.6131987877
2530,116389.3606331104
2531,232460.62319930916
2532,229836.17615074915
2533,196685.48964469164
2534,226270.35666790063
2535,298889.9538297403
2536,240368.74960639927
2537,223631.16920274813
2538,189393.72436084197
2539,192414.3845360705
2540,189784.06294755609
2541,193357.95331495488
2542,175021.2187560592
2543,127607.41269647547
2544,114304.91439869057
2545,129087.05561035145
2546,136494.8286609264
2547,143136.65628338157
2548,140758.10372417222
2549,163400.06817184025
2550,1223770.571669511
2551,135691.3900472998
2552,120163.13350474717
2553,77586.6450462312
2554,94645.37078161178
2555,116746.2698897535
2556,101875.2195575165
2557,97890.60165407468
2558,153004.41091235148
2559,151722.97712375858
2560,158907.9121375847
2561,152438.82342936058
2562,138851.00145453
2563,151717.22684941549
2564,205353.07291856047
2565,139448.87812558125
2566,166909.65029053824
2567,136132.46741709812
2568,210728.5072433067
2569,211805.71445654484
2570,112727.89931883787
2571,206190.51985161228
2572,151402.6108786403
2573,223406.1656828035
2574,306099.9293111012
2575,114290.25730581908
2576,107270.14247125937
2577,123848.65682549617
2578,93826.38026526553
2579,74592.91694314593
2580,92296.63716139071
2581,81331.36699818807
2582,81488.39067543218
2583,280355.9667577825
2584,168243.54233729775
2585,177965.6295530472
2586,205357.0742676059
2587,195144.54946799576
2588,143169.87954990953
2589,149036.2735398417
2590,186741.55930083472
2591,223621.9244698732
2592,220203.39625489907
2593,256975.2194319368
2594,178470.42578870212
2595,210164.68660443462
2596,285470.8616518753
2597,192182.90044128968
2598,284406.5530710517
2599,360436.82998524373
2600,122886.09786932061
2601,151030.7743925865
2602,87638.79300923662
2603,91985.18564261054
2604,79503.66048693052
2605,86730.7104876607
2606,148902.5135638935
2607,190423.98728250363
2608,199456.56773173215
2609,153715.20570699187
2610,96992.01632315145
2611,128346.82519499965
2612,151738.83422898783
2613,121397.27180809576
2614,121164.76402236422
2615,153604.85175167865
2616,139104.2857856859
2617,181130.96186205535
2618,183338.44651100173
2619,214179.2560165507
2620,182721.6209957336
2621,176842.05018057383
2622,181203.66220605647
2623,238441.34161753542
2624,284481.38364341966
2625,329841.72278623725
2626,166773.84569101056
2627,178539.24882394512
2628,478593.3427489182
2629,605298.3217793576
2630,370881.264711857
2631,493453.52261766884
2632,458629.9256527543
2633,302412.0673418417
2634,421884.31197128585
2635,159132.8795022828
2636,191364.76246811394
2637,173227.82917386582
2638,267700.4482672808
2639,178359.27326063786
2640,138272.11171113624
2641,114809.94252973852
2642,182479.6439981876
2643,109028.38282543987
2644,124190.85866783262
2645,102117.16823477334
2646,99035.70168910931
2647,103704.179072861
2648,144387.42882228788
2649,150605.53342698686
2650,137398.0605746293
2651,146456.53838075182
2652,419241.8476599453
2653,269822.09655054164
2654,258258.62538499397
2655,380207.6919312805
2656,333368.4859898388
2657,388392.65751227667
2658,341006.82802453515
2659,313221.77374513214
2660,373787.34036069014
2661,352358.01200350793
2662,369772.8534120789
2663,272863.15729984525
2664,287714.31678329204
2665,316705.5637660076
2666,292198.28087276645
2667,175757.0240132523
2668,180154.576965096
2669,184261.89042258033
2670,275973.29367188294
2671,179971.49840172194
2672,196344.61647052143
2673,202908.4483354836
2674,184544.7419651369
2675,170589.1471961776
2676,200476.30397709325
2677,190631.31319965512
2678,252457.36005236424
2679,267981.42152471305
2680,302937.9691545258
2681,432118.85355974606
2682,314796.2322545543
2683,545364.9122502609
2684,324468.2863360945
2685,333150.2000311485
2686,256313.34477861368
2687,293025.1041079728
2688,218278.72728443393
2689,209674.0753261566
2690,434656.5892230949
2691,193774.6743695415
2692,143050.1224973182
2693,203505.075121456
2694,142500.00967105883
2695,194465.81804285693
2696,189566.08220529195
2697,190077.3444707474
2698,174196.10463994616
2699,170410.54799838035
2700,152591.0461869856
2701,162985.4612333029
2702,121456.8567784767
2703,129699.99218145292
2704,140037.51068700946
2705,117407.4096613546
2706,114069.23378991576
2707,122526.10449846064
2708,123023.46916671551
2709,94567.5743916861
2710,121428.21909895934
2711,331165.0869991727
2712,366887.6863697826
2713,178140.3326196847
2714,160456.63089155225
2715,169862.97659613204
2716,160552.79204576748
2717,193613.00921983403
2718,235834.6223558609
2719,148565.97452602957
2720,169134.15582628144
2721,137867.07916329333
2722,150680.12554708208
2723,152613.95025655505
2724,128854.45436356851
2725,128012.51676361359
2726,145586.57705828967
2727,192392.3253468389
2728,169100.0255056744
2729,139762.30145888584
2730,134468.97958683025
2731,128083.38662264064
2732,123162.45614707169
2733,162566.0610562503
2734,163629.94869421583
2735,128336.23961139168
2736,146125.14404343866
2737,121877.53916454286
2738,151645.70087003178
2739,157667.42983922406
2740,133791.93672595182
2741,155717.34689098987
2742,148712.33054533848
2743,142801.43605982352
2744,155310.73900520417
2745,133889.43288553986
2746,140162.80600536359
2747,147244.1156243097
2748,112332.77893696164
2749,120791.68248236015
2750,129482.86738831266
2751,133492.5724508192
2752,179999.67417974895
2753,152528.34517770013
2754,268161.2914801711
2755,132854.7271404028
2756,98667.22597366951
2757,96642.57335107855
2758,82778.99716631617
2759,140816.2268507461
2760,116806.27150286111
2761,149921.0643403106
2762,147058.21511073937
2763,196551.1878365696
2764,147281.4195994577
2765,271550.9862392817
2766,119793.10806832915
2767,95960.97825681597
2768,121488.09650778268
2769,130611.9752383322
2770,141228.68949952748
2771,111533.72121240906
2772,116079.75043043733
2773,149240.06674389014
2774,133415.0996672063
2775,102989.50992001657
2776,130390.98381777895
2777,122063.89325575854
2778,103810.76172526288
2779,121774.41126328181
2780,93321.83054398131
2781,85941.3738763589
2782,93889.59617890944
2783,86620.191939048
2784,113118.38196114636
2785,127606.58158014658
2786,72960.12237536651
2787,110226.69850529736
2788,80614.68708257501
2789,168043.95929871403
2790,90057.52607049354
2791,110691.52783961983
2792,47141.85839180455
2793,148413.91741916336
2794,90589.52882622299
2795,121366.28674886825
2796,107880.44736259522
2797,214565.20430568003
2798,90635.6765614162
2799,93630.81790991483
2800,77453.82139168338
2801,98929.17029240748
2802,125010.7913827211
2803,190002.85135360996
2804,119230.05002702837
2805,89823.2135899989
2806,101198.99502916035
2807,178852.0239304706
2808,139665.3110743071
2809,135131.27038622517
2810,115793.10822644354
2811,155809.68427867003
2812,155258.674769153
2813,177467.73685199223
2814,176520.90606727268
2815,109351.30004844964
2816,236725.784829202
2817,153694.91129672123
2818,131007.35515516647
2819,171904.08994528576
2820,133529.0086588894
2821,109804.74184179441
2822,143191.55506454542
2823,334801.48380825284
2824,179548.12555688078
2825,122662.95485342969
2826,140617.302200215
2827,142346.38741121354
2828,221903.75103929825
2829,215426.11684046168
2830,231657.7287771412
2831,171899.99076172084
2832,239604.74920491123
2833,293106.2845115712
2834,218302.1072429331
2835,223527.76328763668
2836,200795.95929748332
2837,157439.52707780676
2838,152054.71617981108
2839,181433.6298137375
2840,206638.61905310975
2841,196936.38150431807
2842,226284.81829084473
2843,142800.99079836207
2844,171067.52627362762
2845,118403.67468562396
2846,201141.40001837307
2847,207248.563216389
2848,218481.26251527655
2849,200857.66640404047
2850,279480.97891504306
2851,227474.00157191118
2852,245696.28691521726
2853,240666.71524303267
2854,137777.52106562819
2855,197897.68998341513
2856,216519.7774551906
2857,200797.10781244244
2858,206745.2317625851
2859,132226.27882706068
2860,120339.79875805833
2861,128223.92723672747
2862,192880.26285802166
2863,130390.89364540072
2864,240562.89751176263
2865,135699.7918561643
2866,152531.61775019948
2867,101658.99410853464
2868,98097.6954762597
2869,107165.78223941472
2870,114936.96979357584
2871,85231.91670637806
2872,74659.41584129957
2873,110164.19505626286
2874,129646.8558821175
2875,126520.55276443146
2876,152406.65738442252
2877,132414.69090090122
2878,164514.99678143114
2879,129926.80860287097
2880,100608.47203699697
2881,148074.09336693952
2882,169633.56009018794
2883,182723.31760600858
2884,166149.72057983855
2885,181816.54845987234
2886,210752.13996308704
2887,107878.80577246242
2888,129612.80636331653
2889,71213.18301995841
2890,83762.24008117364
2891,146448.79059370092
2892,42532.61031325651
2893,67148.1903633196
2894,49264.80007289422
2895,327626.8338440513
2896,285663.14085395227
2897,187457.70418838426
2898,147734.8080393635
2899,209713.16049826102
2900,164378.15920060046
2901,194285.5335632772
2902,186176.82472612473
2903,308618.00697545067
2904,327546.9659082357
2905,94306.2129765117
2906,209180.49839961817
2907,108492.15575017457
2908,127011.89500843061
2909,141660.62210487292
2910,75633.28478820252
2911,90797.16204791445
2912,152876.84421955864
2913,73332.49794903453
2914,76548.9605420216
2915,77240.70603914822
2916,76074.87804462133
2917,142207.01227854556
2918,118230.96652421408
2919,218998.14316146934
