Id,SalePrice
1461,114789.03145809832
1462,142456.86234164165
1463,170618.3035768776
1464,184279.91349872234
1465,195929.73052909356
1466,174029.89710314147
1467,163629.55126531448
1468,171711.8517966175
1469,183875.7465282064
1470,119132.74436222966
1471,187999.99663501527
1472,97284.18764753063
1473,96036.54947966334
1474,147460.16193799628
1475,115684.02171346884
1476,359154.902063546
1477,249405.31602857253
1478,293358.45376053563
1479,300905.53938353015
1480,471339.95478171686
1481,320341.3853358699
1482,220894.9452245458
1483,174697.98281245853
1484,170073.84419650122
1485,193433.4766819869
1486,199220.9222652744
1487,306879.43763688573
1488,242049.70190905986
1489,192832.75373614393
1490,221266.74660939115
1491,203053.12304143072
1492,101857.67315273617
1493,177097.56693383175
1494,299603.93930748204
1495,292538.84709473094
1496,223514.00935580305
1497,178597.78737144207
1498,166638.7562710714
1499,161812.68214055736
1500,153988.30310842625
1501,171876.483977007
1502,160430.7756183522
1503,259249.5429236255
1504,241134.243777297
1505,224131.01960254626
1506,185033.6251704029
1507,248504.6627086057
1508,208231.79555567182
1509,150682.21038623728
1510,143873.45384100598
1511,144671.5728041188
1512,162692.47330276846
1513,143548.55994001904
1514,154017.10228150015
1515,182669.16488364048
1516,155971.9102041273
1517,167796.66889284173
1518,151519.57434336975
1519,205590.5383818003
1520,129048.24704879124
1521,129289.38835044911
1522,163215.86283234702
1523,112944.75182169491
1524,105166.84648755981
1525,116236.9138596858
1526,121625.37418666622
1527,113536.66908523435
1528,127703.38484560598
1529,139345.69002058313
1530,170036.90060910452
1531,111555.11790085865
1532,96569.96475816164
1533,141277.43727194658
1534,117974.86382001736
1535,140688.3047951916
1536,106591.45869400768
1537,81116.96205419781
1538,138759.56704759185
1539,153576.30693910032
1540,116453.95326411424
1541,126495.78099062725
1542,139403.96890280422
1543,180291.22846878963
1544,99803.42618414998
1545,111030.27955606903
1546,135491.47045034592
1547,128222.46011107563
1548,119822.73826389184
1549,107549.61940107112
1550,135064.026874269
1551,106963.57898706307
1552,131223.84311756233
1553,123368.88536543955
1554,118030.42336299877
1555,172651.26315135203
1556,113580.46439052983
1557,99375.45937881785
1558,109494.21430923464
1559,94585.38322003173
1560,147080.82795795993
1561,132144.24053583207
1562,132000.387454779
1563,114465.33500425749
1564,158703.16024827457
1565,147734.4039197373
1566,215681.4326940796
1567,93702.77922876962
1568,240249.30276028943
1569,140640.94161340725
1570,137484.55958889853
1571,115401.01425558486
1572,132652.84851098622
1573,208229.2983983178
1574,134085.6975809064
1575,204682.37397539837
1576,220093.72699357144
1577,181613.75631621951
1578,137892.91183318052
1579,143063.32263377425
1580,197975.72262869356
1581,150357.68863870905
1582,124841.39069074474
1583,296884.1718120081
1584,224171.1121450784
1585,143396.4680522017
1586,85152.39664872905
1587,95014.77581567278
1588,135211.18403581862
1589,98295.18680720241
1590,138464.81016520748
1591,91835.2132403993
1592,140497.90346439934
1593,123773.86342994773
1594,118611.14378493503
1595,118984.17142253392
1596,227177.51319405824
1597,199460.6271976859
1598,223839.54684797558
1599,164588.75060581323
1600,174368.57008708827
1601,69030.16259584941
1602,105300.28369040246
1603,74753.14939252226
1604,275963.2902039546
1605,246281.73063153704
1606,168666.60566823118
1607,189970.01896536027
1608,221830.3637292725
1609,187981.5031874338
1610,159127.030575687
1611,149040.6641812243
1612,182359.50430205787
1613,170620.89635868307
1614,110509.4117701266
1615,78640.01961570985
1616,81526.7751319048
1617,92499.56122335902
1618,116561.82029171314
1619,135933.18556740967
1620,214069.79859080462
1621,131427.83630938915
1622,138086.22339701638
1623,252141.45301713044
1624,213843.4100242707
1625,111502.8829875245
1626,178915.00015531157
1627,180843.65523110086
1628,256657.55077716507
1629,177201.55414889904
1630,338014.80477700505
1631,240294.44401113683
1632,242037.2727205073
1633,172444.9011218715
1634,187665.78547559198
1635,181743.08810020227
1636,162183.23093655345
1637,181609.370509258
1638,185965.22916630618
1639,180001.01301990479
1640,228473.3928602805
1641,181391.80001844114
1642,253272.2257633096
1643,233198.86506819518
1644,230961.98089509417
1645,179658.93528522333
1646,158014.47706664898
1647,165799.38620273492
1648,135082.16164348915
1649,136746.83301537577
1650,108784.28483246343
1651,116363.08773424136
1652,103769.00031337091
1653,103516.06191819224
1654,146626.23566907187
1655,142288.8214172049
1656,145246.41889363725
1657,154267.9877848529
1658,152283.67215325581
1659,121592.1056849863
1660,152649.48623750097
1661,426965.5955636567
1662,373776.493970615
1663,355479.75825429114
1664,487358.24200850725
1665,304629.1922573387
1666,313135.10317725164
1667,348053.67622590397
1668,332243.98718194943
1669,300602.49500307563
1670,325881.76026878034
1671,262030.79399853473
1672,414766.99578343023
1673,311339.9180203625
1674,253261.6234427827
1675,200273.18750387753
1676,195613.70534037586
1677,219718.3439284341
1678,436259.6793322133
1679,369900.89107654756
1680,300256.5512765365
1681,247235.2109041755
1682,307150.9305331634
1683,199910.38963784525
1684,195581.47483303805
1685,187936.95433054017
1686,184386.22993923727
1687,183285.49607621264
1688,195923.7242279857
1689,204354.0698043785
1690,202877.13397672083
1691,192113.37508448653
1692,250318.5877351131
1693,177600.42187316972
1694,179580.9704066347
1695,173388.20989703448
1696,247512.07543750337
1697,173281.27879181146
1698,346569.32134907466
1699,305844.5320386515
1700,249874.3313332827
1701,277056.1863031561
1702,246159.96327434664
1703,256268.31428898315
1704,275087.67291414546
1705,237900.6636327892
1706,384702.47335635853
1707,212328.75363154986
1708,201438.0714650478
1709,271687.2261672627
1710,223129.38895150687
1711,271974.5101450251
1712,257676.98708595976
1713,259659.11759408793
1714,215207.92180461512
1715,207370.1216215428
1716,174944.85266377535
1717,179764.24201534645
1718,135177.6566187875
1719,209822.2383809535
1720,219556.66244929886
1721,168953.34274807686
1722,130040.86162822202
1723,159541.68545002697
1724,202172.89046902768
1725,226327.95667459143
1726,178347.52685440966
1727,158306.83156086947
1728,189373.9640932138
1729,153267.87350029734
1730,143127.5130135633
1731,122696.93075215978
1732,121149.65004003583
1733,109331.52335676661
1734,119341.24708262502
1735,129258.14775353488
1736,118602.49399405543
1737,297688.91564769734
1738,244974.98786371324
1739,265873.125324241
1740,214515.6053553262
1741,182960.23389051267
1742,170434.26097224889
1743,178446.1813820888
1744,282457.108765895
1745,235882.55709144202
1746,217921.61288942312
1747,196806.06806995036
1748,218928.40425913388
1749,159977.32894647124
1750,136711.6184805717
1751,213460.63245662118
1752,120411.66130432302
1753,151757.3986544163
1754,197220.11237728546
1755,177082.99214076917
1756,114593.08820169892
1757,110869.55164010225
1758,140282.3561488006
1759,159466.1941351717
1760,163819.70410066986
1761,146306.65013575816
1762,168277.37540219884
1763,172432.09209534578
1764,119681.33616830861
1765,166907.2611618808
1766,177251.82829838124
1767,197308.14869365565
1768,127173.19380830541
1769,167854.1612337124
1770,151822.0873768913
1771,123889.91075180053
1772,135218.64088629937
1773,124371.76518348746
1774,161553.87439353438
1775,131680.2629645484
1776,112628.76396553862
1777,105249.26786789055
1778,137037.7792903234
1779,104024.44492430806
1780,175406.0169028323
1781,115615.86414342363
1782,95870.64365890693
1783,140850.9548092443
1784,103466.62800632538
1785,110145.21080406118
1786,151545.7105234686
1787,154583.12318176922
1788,72635.28759040618
1789,100494.6859663387
1790,92195.18326003679
1791,216993.82709882097
1792,143270.7046338398
1793,128956.24065084978
1794,148381.937728058
1795,125739.66117548478
1796,123356.48366308867
1797,117536.74492599588
1798,124018.66736525376
1799,107963.58445343451
1800,131300.73371973677
1801,128119.13759222846
1802,133549.1176753079
1803,151124.72955775718
1804,142360.4003527523
1805,138589.66906718118
1806,126799.74693142374
1807,152805.87835632192
1808,120313.98385641919
1809,110409.68278013516
1810,119435.4938564571
1811,80312.35627806335
1812,93894.04670695662
1813,110143.28034356983
1814,91968.36481454677
1815,69578.50477812608
1816,91211.60189079052
1817,109803.63436822167
1818,141940.28435741324
1819,139944.3814274413
1820,83801.7824463684
1821,100634.28584837451
1822,143273.38676277033
1823,61647.37497306056
1824,134707.6854964471
1825,133047.64980708706
1826,108740.1146677208
1827,111191.12183760095
1828,119502.98751804559
1829,128368.72770995602
1830,139004.594671301
1831,142070.04609374117
1832,105171.3508714866
1833,126110.03765919415
1834,121658.25389269831
1835,128891.88062863195
1836,110692.71582437909
1837,82917.94885723357
1838,119039.7361400799
1839,92227.02476567295
1840,139056.03916308586
1841,151554.23863095194
1842,116337.48050345053
1843,120920.08526823221
1844,137409.47132847097
1845,147173.19823256112
1846,156621.8469307227
1847,177523.83950329272
1848,63936.74312326176
1849,101493.384706566
1850,119525.93642100946
1851,139344.32602152842
1852,119048.65534080408
1853,131071.04432274861
1854,174289.20057259282
1855,156980.4183920283
1856,231552.09704319257
1857,150067.45753101198
1858,125609.22379129915
1859,117725.98967079916
1860,157674.400053281
1861,116742.04659842176
1862,334727.4204902123
1863,331853.8462099513
1864,331880.88116150425
1865,301227.9622216918
1866,298526.0324099266
1867,234764.84831692232
1868,272525.7872836548
1869,211658.97416591764
1870,219738.7316727318
1871,246389.21809601682
1872,196705.9731402935
1873,261465.3179284623
1874,137561.2523866269
1875,199835.35857070077
1876,199014.23372067843
1877,199254.2606756468
1878,201975.49164917186
1879,126543.66341296751
1880,128420.4497473287
1881,225678.49130706457
1882,253840.14777234787
1883,191441.3460265401
1884,199797.82324852346
1885,234908.2796551842
1886,268250.27780537086
1887,216938.48243972237
1888,256439.19527811024
1889,186703.0504957195
1890,117555.44651881489
1891,126736.33688785031
1892,100651.06114462609
1893,127359.12364585356
1894,128257.89929979664
1895,134620.69260646316
1896,112552.85681013923
1897,117100.21490949353
1898,124198.88602717976
1899,164534.13474281595
1900,149392.80278918275
1901,162929.09724576314
1902,152271.38087342004
1903,223309.99387180025
1904,158191.09554599616
1905,199894.6619498393
1906,179152.61993803267
1907,209523.802024707
1908,113598.03790326297
1909,146416.90369864544
1910,126412.89604058747
1911,214784.24257285593
1912,306535.384052619
1913,136717.61101400122
1914,80939.31619837895
1915,296451.01339338365
1916,63491.645891320426
1917,249182.48079649574
1918,147177.77833255415
1919,158103.2789120874
1920,155805.8193680561
1921,359978.97369066416
1922,296931.9427697554
1923,208609.0649906923
1924,253869.5542952094
1925,201397.56019705767
1926,345684.47077323
1927,124591.0913008558
1928,156476.49304380425
1929,120081.87486378805
1930,136948.09818901803
1931,142234.53494943294
1932,133392.84019584698
1933,156696.9968851812
1934,177724.0448743126
1935,167539.73810308575
1936,174263.55955515418
1937,178303.62017035484
1938,168630.6964747385
1939,282642.0135263801
1940,205366.81544393755
1941,171754.75980457145
1942,180034.246125708
1943,231869.28342867523
1944,366591.8462140182
1945,351593.4075203853
1946,166849.84746713392
1947,311174.10201828205
1948,165260.83104398835
1949,226125.42795520124
1950,174190.42903111773
1951,227538.72430794168
1952,200128.80612338643
1953,167470.4837511346
1954,196025.05696617177
1955,125794.83190602143
1956,280060.04571303097
1957,160946.23411453812
1958,278819.10065367137
1959,163238.18666044783
1960,113689.5889173327
1961,123124.49875107546
1962,101837.63511695506
1963,100773.24362275109
1964,105078.71151259018
1965,146506.09900957276
1966,133516.9507704514
1967,269210.3831007556
1968,391020.3583343521
1969,352511.85934991296
1970,388187.5634921556
1971,458290.46231338254
1972,380941.79140366276
1973,290368.0109395803
1974,320249.2757991882
1975,447716.218309568
1976,277929.18812428066
1977,361675.70227173204
1978,359473.7559499725
1979,307265.77060039545
1980,217764.9061575065
1981,314962.2532419915
1982,227414.08033183072
1983,214769.02617288663
1984,183205.55595719232
1985,213866.03092252545
1986,204090.22216440496
1987,194142.6935720115
1988,187359.89631273536
1989,199606.36252303206
1990,211687.54768322644
1991,218931.39498942907
1992,210179.63290627126
1993,184645.66675179984
1994,214884.57552220472
1995,188201.32040744874
1996,266208.83313544333
1997,334910.9963399789
1998,309654.0164124675
1999,281914.8642508233
2000,306491.3277409492
2001,287397.6822088974
2002,251943.5257307254
2003,271907.21689235844
2004,276695.6148609832
2005,234463.3620893308
2006,213340.3301394014
2007,262853.36721076176
2008,210865.93229076747
2009,201456.28442541102
2010,204745.37710616994
2011,143435.55208138295
2012,186659.62260476957
2013,174699.89447608113
2014,183945.30469717403
2015,191924.5774945201
2016,190055.12224705037
2017,197163.48888528717
2018,130468.47321087864
2019,132731.85717395874
2020,115603.41074358132
2021,104327.12540807007
2022,202325.32128187982
2023,148228.5297837905
2024,264310.72444193193
2025,358722.77442904393
2026,176756.09008241622
2027,163424.48717803453
2028,155271.23202016673
2029,161703.83547787703
2030,251982.6128357236
2031,228746.66620443616
2032,237281.69081218351
2033,242182.7897508565
2034,170270.98368015586
2035,220931.9521846128
2036,192032.9006020992
2037,192936.77659869278
2038,303095.6733821573
2039,224737.43998511223
2040,296197.5680824662
2041,263301.89280151215
2042,213345.4977060938
2043,176710.4913286438
2044,167388.63174784248
2045,195743.60546339588
2046,156198.21407390112
2047,141673.49982082573
2048,134712.4381917727
2049,158516.47926680787
2050,161700.8261938644
2051,95065.89349277414
2052,127067.54069031039
2053,143419.05454378162
2054,98574.65928755043
2055,137630.88790223512
2056,148340.9742006588
2057,116376.76549267053
2058,211895.07193928544
2059,134505.03581811907
2060,158249.60723257426
2061,163221.57446168587
2062,129735.6423680282
2063,119968.19882895704
2064,129915.46356563023
2065,111952.64262714834
2066,162964.11579224616
2067,137344.5192133756
2068,159477.68881400896
2069,82174.43021677335
2070,104194.51511895885
2071,104137.61465668226
2072,134681.38047845074
2073,135991.14538881325
2074,179294.42621485487
2075,131615.71227835576
2076,108935.24039442149
2077,154444.74265376222
2078,130402.89289999306
2079,124768.62259196486
2080,118717.3384396564
2081,129400.8659937898
2082,146560.39568492983
2083,140062.03139535012
2084,113188.2378965948
2085,122458.42225147104
2086,120640.59789009501
2087,119309.8152050516
2088,110097.39328087335
2089,90726.67797732624
2090,129561.7009632232
2091,107331.12328346992
2092,126457.76986296484
2093,114790.85084695711
2094,121634.13628800499
2095,132276.3967142193
2096,91870.67877005466
2097,90123.38120284019
2098,124582.79603344199
2099,68689.39104558529
2100,89391.44479328932
2101,130933.43819920968
2102,117058.33500175524
2103,102907.17184592444
2104,140618.29797926306
2105,108668.6792153319
2106,74716.51649332973
2107,189805.55003477944
2108,107942.13952338112
2109,107270.72326344611
2110,120525.57146222609
2111,131196.5541085612
2112,136289.60302054908
2113,120935.13236355166
2114,125911.9405319404
2115,152113.39280437859
2116,119399.31423259896
2117,134744.39149073922
2118,130662.74225657311
2119,115564.87382130977
2120,130206.27099192167
2121,85999.29795827408
2122,110041.7047208846
2123,102931.17343161149
2124,162605.8898100888
2125,122923.39776219858
2126,160604.4694190122
2127,149380.1452240712
2128,119134.22563941003
2129,97412.82020214688
2130,109738.49631073127
2131,141603.01509211605
2132,108167.17254826005
2133,114028.86661605816
2134,117054.99644876539
2135,86251.10212271923
2136,75364.17674893764
2137,117723.94634110096
2138,129462.78564047824
2139,156865.28455973725
2140,138795.2228435455
2141,133591.95843980814
2142,129672.74189500949
2143,146184.65095150477
2144,115117.53105341915
2145,137634.51282373403
2146,149456.92160859008
2147,164991.5638246856
2148,137653.15908699477
2149,136965.37170501464
2150,219506.46849035495
2151,127975.34585757402
2152,140736.42859699295
2153,148677.04072167852
2154,109746.26265302449
2155,126207.0828834337
2156,248976.1147074401
2157,227236.0980167136
2158,219726.62028435315
2159,220907.32087850675
2160,197446.55704116833
2161,245057.054869653
2162,320048.2415721399
2163,325926.12752028345
2164,237582.2630720953
2165,199070.4523363673
2166,140756.20359555114
2167,209533.11097297413
2168,192085.5711377734
2169,196112.77960705783
2170,209109.2308544139
2171,142540.07292362824
2172,132481.65828205246
2173,153827.39337955505
2174,233470.02653316918
2175,280986.55209370627
2176,275281.59426569624
2177,238047.36333917506
2178,229920.25862661324
2179,141914.7423148167
2180,219829.90099824694
2181,200167.22591619767
2182,208586.1293070501
2183,196888.52608866862
2184,113053.45078383818
2185,125177.22737659287
2186,131474.4381536308
2187,152172.0027844317
2188,156067.72075377716
2189,235321.86620964142
2190,81491.35558785949
2191,81051.20292444098
2192,90029.39794357313
2193,105305.82257091091
2194,95969.50049643783
2195,105311.98357968868
2196,101907.29836824792
2197,121676.59686712688
2198,150801.78571732255
2199,183974.44715864817
2200,147497.33217092766
2201,146130.20834779454
2202,207556.85277328186
2203,159857.64985169278
2204,182508.73456554083
2205,130093.02485601466
2206,155708.78827146965
2207,189910.954208703
2208,249281.54490610783
2209,228419.24945542015
2210,113500.66232736877
2211,109070.05459913799
2212,108475.6397018898
2213,87908.73952915925
2214,118231.33417669828
2215,92572.18175699729
2216,127028.7800676833
2217,59341.058557170276
2218,81622.44630256851
2219,93023.3673672027
2220,82994.89122809346
2221,297175.3825607127
2222,270147.81835908454
2223,269132.5596464675
2224,218476.44931905976
2225,133885.15870682782
2226,178648.34462767874
2227,192317.5503022534
2228,255607.05727688878
2229,260058.2731785158
2230,159587.65224184302
2231,218793.54334400556
2232,183374.06572356034
2233,188110.49140460265
2234,245447.6011978026
2235,216269.72601409853
2236,268491.1050797445
2237,308525.3372601563
2238,209067.336752836
2239,113023.47875824492
2240,149603.48662614144
2241,145981.4060067571
2242,110914.68778740524
2243,116118.6218394395
2244,102050.66894855717
2245,92271.97222375512
2246,132387.51530291906
2247,98745.14500048854
2248,115932.3249370885
2249,125748.78850869814
2250,124105.92919006251
2251,119932.72981136096
2252,178327.46193070264
2253,166211.32363201212
2254,171587.092717939
2255,181310.2883872613
2256,174730.55101854485
2257,207788.1441828487
2258,165322.83062766542
2259,176480.19552878995
2260,158293.20011986297
2261,202371.13070052158
2262,224766.32854348916
2263,382472.0877328763
2264,467423.0456990409
2265,177355.02389231735
2266,298064.7326295139
2267,347822.5712749892
2268,409465.78286593413
2269,152955.59603270068
2270,191149.16166633528
2271,203472.15291095906
2272,200677.7324665321
2273,156067.70062242835
2274,180718.44258992455
2275,178974.8923254347
2276,182496.44159579318
2277,186295.67257392756
2278,137436.91973883324
2279,130268.00654370303
2280,108959.75021650747
2281,178381.0243347353
2282,180895.22505745117
2283,101661.74265785352
2284,113532.81290124795
2285,127350.798926155
2286,118290.72503767899
2287,345488.12660310295
2288,304743.2998971526
2289,340688.53957812634
2290,435763.49405824905
2291,336446.0640935424
2292,393596.8083037176
2293,416496.6430263993
2294,385885.13382179994
2295,463828.07716539584
2296,292504.2772365702
2297,319296.7964192346
2298,343729.1042127529
2299,365380.5412898603
2300,329705.6344731259
2301,307067.249421178
2302,249857.74632256763
2303,248750.4637110453
2304,260155.85130747256
2305,198850.9451218826
2306,193952.55328489555
2307,210581.138397712
2308,226947.953459755
2309,270999.96382686694
2310,218676.30778943124
2311,213732.30967853722
2312,177667.5718125506
2313,183536.57368610974
2314,172482.53442446524
2315,186579.49064066354
2316,209528.2459088999
2317,186633.62088998634
2318,180336.31588840878
2319,184187.35960633724
2320,180229.1991083177
2321,229097.39710393365
2322,204646.7311417842
2323,182506.68819515585
2324,188832.1775457475
2325,219901.35616586194
2326,181826.048141055
2327,208928.28701756208
2328,210629.25545472765
2329,189868.12465609622
2330,179962.67209677814
2331,346205.6753560524
2332,391683.2816016263
2333,316273.0781823097
2334,268985.6145194746
2335,285600.580013159
2336,294983.170894377
2337,198552.48160361295
2338,261715.75323903008
2339,227854.25853004685
2340,370406.9920334396
2341,249851.26044746934
2342,234894.4363032767
2343,239456.89282439553
2344,214553.85684468193
2345,241245.52046086272
2346,209772.6135366118
2347,201635.80645083525
2348,234695.27650374526
2349,189067.54218154587
2350,294240.55914851616
2351,270311.12101113435
2352,261078.34359489547
2353,266645.95856212394
2354,136041.59928477643
2355,145403.86190215513
2356,153596.14679431694
2357,195664.92836569797
2358,187595.73768326847
2359,137113.2050160478
2360,118164.60535961081
2361,130498.36248771686
2362,275636.59934574366
2363,132152.77110325146
2364,159856.95524589482
2365,226277.03674953853
2366,196576.0933055542
2367,211873.20900594303
2368,215709.96922836854
2369,212536.87692850907
2370,168505.92799974658
2371,156765.38967681245
2372,191717.46852387782
2373,270274.81409260636
2374,296173.9126608609
2375,249423.3612649159
2376,282800.1077859563
2377,345118.3808443676
2378,150315.4827854142
2379,193229.06028714526
2380,151704.20055454416
2381,166172.79137557244
2382,183691.3764354891
2383,202902.44331587869
2384,238640.9490529677
2385,158070.80679837157
2386,131896.26228547332
2387,135964.40479941954
2388,103821.69799897906
2389,124096.75123628402
2390,139661.49325319027
2391,125068.97558895635
2392,114062.43993982972
2393,169658.67137576052
2394,146298.82645254585
2395,198996.6349384786
2396,149278.38595323672
2397,217571.75914323822
2398,124906.14465426939
2399,74812.74738770303
2400,80717.05660242162
2401,118484.62611083062
2402,129337.3989880035
2403,157483.4025419467
2404,152023.18449096667
2405,161812.24671027868
2406,136185.24492891872
2407,112951.49395882094
2408,134816.35463230158
2409,130488.40916622528
2410,164230.5230091321
2411,114551.13015648378
2412,146134.94995488535
2413,130669.16160084613
2414,137626.31948436887
2415,143128.4375653738
2416,117699.16872907066
2417,126550.89686457664
2418,128349.63438183948
2419,126659.57482843973
2420,123146.33438050064
2421,137727.15665398393
2422,105894.45274194499
2423,112221.76448461255
2424,160081.08739555688
2425,201977.17281146743
2426,134008.61529786518
2427,117225.604233799
2428,183816.82522589093
2429,114360.0065396113
2430,134810.16651502278
2431,126049.11469663681
2432,148295.1146636702
2433,141511.0227648966
2434,140306.98204783176
2435,152739.27719014973
2436,106886.87056185148
2437,108401.20973665742
2438,129025.95864414188
2439,108624.85391680589
2440,113290.57842105739
2441,99121.2093252861
2442,113625.48670667264
2443,112002.39601661432
2444,125008.98610816515
2445,91285.70361185905
2446,129885.948341614
2447,166278.69096251798
2448,124230.85420774166
2449,103608.12426645917
2450,132970.13885036483
2451,126062.94888602862
2452,173874.6685603768
2453,88702.79579090409
2454,115176.42464304375
2455,135806.64468767354
2456,122519.74029506555
2457,128200.7430885559
2458,130853.46022702435
2459,107166.3036739672
2460,144351.7417727948
2461,116544.99086094314
2462,130573.97112245203
2463,120730.91130294793
2464,154666.68945716353
2465,132909.15070979766
2466,113210.54538862362
2467,152708.42475250686
2468,96348.359909031
2469,95586.26765304814
2470,172825.87065919966
2471,158706.11476470454
2472,137725.4344787251
2473,100406.93955117116
2474,82989.18414454616
2475,195272.23409623624
2476,120844.77470838271
2477,126249.7403261451
2478,162346.038603102
2479,118416.18253406112
2480,149037.16997827025
2481,129815.07642195803
2482,132211.56300407115
2483,117848.32363891095
2484,123499.67386629627
2485,123719.51832164885
2486,164104.1652499083
2487,196748.22916914924
2488,154316.20347237965
2489,152203.67062758116
2490,151631.14546664173
2491,82021.53823421885
2492,185492.52137327395
2493,148069.73396404716
2494,146928.2327280017
2495,101519.78979857425
2496,222934.13157239638
2497,138215.76231043952
2498,119981.8341583223
2499,93884.25716481465
2500,119481.50927505117
2501,121957.68803923535
2502,152486.67716521455
2503,99949.61383329358
2504,182966.37464264533
2505,224304.75877018878
2506,252290.56936816566
2507,302152.8639281702
2508,252144.20166898434
2509,218294.63150373788
2510,222184.4498625548
2511,183807.00254863233
2512,207322.8024638672
2513,215378.22352277377
2514,222458.07151243565
2515,142711.40279833475
2516,175195.95526114124
2517,135594.4474418809
2518,155184.86417412155
2519,218410.11015997827
2520,207975.31918399985
2521,193267.0834816946
2522,223382.22491087636
2523,123743.72746218742
2524,144133.3643984331
2525,137235.00129266782
2526,136904.34369361377
2527,128238.9188000077
2528,121219.32019542782
2529,135013.67261766247
2530,114976.1104339875
2531,232577.82246300473
2532,229596.85429205906
2533,196140.45177538926
2534,227677.13796420157
2535,282589.44892314356
2536,236208.97580181374
2537,220871.91329699056
2538,193577.12983652804
2539,191354.4454846776
2540,193744.14945548493
2541,199937.9687057061
2542,176300.8993567692
2543,127378.59727962568
2544,109685.40287849958
2545,132029.82302793625
2546,132662.9682029763
2547,145386.72702369245
2548,141788.61733515526
2549,163570.9246441869
2550,1001070.575038288
2551,133811.15970984433
2552,116658.8016346266
2553,81935.07255079463
2554,99714.65054776405
2555,121210.88396193419
2556,101064.63562249918
2557,100606.0570633338
2558,158553.32637135414
2559,144426.32516479344
2560,164005.22801154986
2561,154022.9522151034
2562,139209.46033744444
2563,149597.21705807836
2564,201412.58573728157
2565,142726.0955630027
2566,173767.11577968893
2567,134621.53302243692
2568,197680.10348317304
2569,210156.5694923342
2570,116405.96476327094
2571,199245.84371412563
2572,149668.3542856987
2573,216524.57297413787
2574,251836.1105333759
2575,107390.30729665277
2576,102564.78743091851
2577,113406.20447338722
2578,89485.09772504542
2579,70562.8783082155
2580,118319.29210074275
2581,106567.75827364819
2582,107037.85556577428
2583,277541.1124363573
2584,168131.80170523678
2585,186012.3862700954
2586,199568.25514632405
2587,192485.87997826043
2588,138772.48397584012
2589,147754.67469036434
2590,193087.48359478996
2591,207892.9506250575
2592,218784.3468575413
2593,245462.74156230205
2594,176094.94889510408
2595,205127.58802251975
2596,274259.4829523033
2597,196640.9625099875
2598,292227.78290877974
2599,333269.9699111075
2600,139585.62573898584
2601,148155.43263068658
2602,89887.44390781321
2603,93167.5191821494
2604,81809.90845408499
2605,91301.20679967964
2606,149361.77562668853
2607,191679.58392222287
2608,189646.46449573987
2609,157912.92462705742
2610,99215.99721167167
2611,128399.35232937727
2612,153627.887748353
2613,120831.46843074766
2614,121138.07975593321
2615,150098.9237347364
2616,140695.234675448
2617,178868.10616436537
2618,193719.601058877
2619,210411.49058365115
2620,179316.66061370715
2621,176013.6485782034
2622,179230.41316071793
2623,230649.478371126
2624,285655.1061494744
2625,321941.0411981059
2626,168510.70059548074
2627,174254.4583025208
2628,445732.088332114
2629,506823.4075066392
2630,369938.43323901197
2631,454567.56818649266
2632,425063.21423460374
2633,303678.92890141415
2634,389131.43189149344
2635,159348.2597915562
2636,190529.91278447938
2637,172798.83653076607
2638,259963.62997919024
2639,181143.63027877777
2640,140442.57648799784
2641,114192.06030367427
2642,174879.50813055964
2643,109710.84751564299
2644,128306.02685271311
2645,103434.24471733025
2646,98902.55838427588
2647,104203.43691363235
2648,143401.59239664447
2649,146457.72364057275
2650,132674.41995783662
2651,149380.66998531134
2652,401473.2070198977
2653,273972.9086237559
2654,261979.3948935441
2655,355762.8004223979
2656,337950.8129318553
2657,360407.7960595728
2658,326387.8818335307
2659,318355.57322054997
2660,367215.0267152983
2661,338355.9446711754
2662,347796.8086006535
2663,295997.5276635905
2664,269509.8775878523
2665,300349.0811998564
2666,282678.3948564656
2667,187285.8752031517
2668,186677.6343000566
2669,186461.33050738872
2670,275012.894353658
2671,187285.7483202218
2672,203495.205535274
2673,202016.95410136806
2674,192972.21423753462
2675,176951.3745658844
2676,204500.91581838173
2677,192175.98121966314
2678,240305.86274773473
2679,270912.8997125278
2680,302902.22981456004
2681,390143.96599940275
2682,304947.8976870072
2683,481612.4031506001
2684,324712.35468598123
2685,318634.62578349584
2686,268832.6514288379
2687,284924.1405075271
2688,222795.82615662154
2689,204305.57984581732
2690,416390.5374109324
2691,193875.74582762932
2692,139850.95173594423
2693,203897.11574602703
2694,141625.47631019625
2695,198357.05228498715
2696,191938.37163804792
2697,184006.45072672618
2698,180263.7530370585
2699,172787.48995741995
2700,156419.59215918442
2701,164524.61120550308
2702,124225.49648325022
2703,132862.08254596358
2704,138544.56320340594
2705,117147.05546846318
2706,114222.57213689861
2707,124078.00055377543
2708,122513.20780657194
2709,96836.52208534861
2710,123263.72567999084
2711,313582.05264501314
2712,353911.2863297914
2713,180839.4219112039
2714,158001.63114767507
2715,164525.8819059942
2716,163676.99418539554
2717,197531.30962404865
2718,234405.8176984986
2719,151893.2681261856
2720,170636.45584903174
2721,139210.3576674131
2722,154977.78818835964
2723,152238.45132922498
2724,132134.15902568787
2725,128783.708118735
2726,147379.63888303054
2727,195676.0904356436
2728,168200.50950685662
2729,142313.7436744438
2730,135105.34862737684
2731,127442.13753013345
2732,123515.76490042754
2733,163850.81572039708
2734,162130.21143041013
2735,130801.14306659401
2736,147202.32889455403
2737,120949.5370872686
2738,150925.61047029097
2739,160424.4252733626
2740,133158.18032477587
2741,153202.71144367883
2742,151621.5232839458
2743,145894.28248021798
2744,156798.4729140319
2745,138222.33784047348
2746,135395.61510238194
2747,138547.4956958046
2748,111083.07549280376
2749,124856.86370410334
2750,134102.20107895252
2751,131035.43715782647
2752,200407.94174316837
2753,148558.6834579961
2754,260853.39399953707
2755,129906.75722061221
2756,101390.20107056623
2757,98104.597983328
2758,89922.10365526825
2759,139254.65459312312
2760,118440.01703303304
2761,152299.9492831917
2762,144663.6915278612
2763,185619.92262820766
2764,142870.15705092435
2765,264839.7813021697
2766,122733.10654580385
2767,98949.95210096237
2768,127584.24469135498
2769,130427.66180944556
2770,141135.5908762763
2771,113940.70163089456
2772,115807.60146084189
2773,148423.67661433914
2774,126733.66111352037
2775,112621.84530064794
2776,133071.46156777634
2777,130103.90625618178
2778,107714.64375288694
2779,123765.66336425238
2780,98938.17911094926
2781,90956.51118804046
2782,93351.71490726383
2783,93642.35198803808
2784,112273.45273213142
2785,126351.88103141694
2786,78306.98623403833
2787,106245.70919725022
2788,83480.31451614977
2789,165505.69382710764
2790,96059.0886563078
2791,109767.34951415236
2792,63725.498756928806
2793,157206.39660145968
2794,98786.3905987088
2795,122142.35072752944
2796,105136.57565677838
2797,198616.61042572797
2798,90544.7730689827
2799,90539.64447760709
2800,74336.02606580779
2801,94518.86636535596
2802,127581.72126486202
2803,186242.1054677482
2804,119966.20513282921
2805,92101.10891137368
2806,101724.10979451722
2807,167301.73377782034
2808,142600.9501728826
2809,132066.7279747497
2810,120274.37315227932
2811,156753.4182511225
2812,155535.11568026186
2813,179733.17393853868
2814,177644.72853013294
2815,114961.84785178462
2816,222164.91765269346
2817,152124.05964527102
2818,131046.86378274036
2819,173685.5665629962
2820,132927.5067985394
2821,118321.23680592653
2822,163946.1218686768
2823,274465.321151921
2824,176626.41117902964
2825,121531.3060239898
2826,140092.33983723517
2827,138011.4360021792
2828,213207.32719066917
2829,224848.55999823863
2830,238222.42610277285
2831,176757.36202077917
2832,240920.38467985205
2833,268768.42829701817
2834,220829.33743063806
2835,225804.90790656843
2836,199256.7819165645
2837,164757.8618817212
2838,151503.45683556687
2839,185468.73219861017
2840,195778.41350574288
2841,196145.3387601577
2842,228988.19461387637
2843,139984.75577323622
2844,162448.53723150466
2845,115730.04438322404
2846,195959.8976730462
2847,203340.1294379245
2848,217109.2119413031
2849,203597.3693106131
2850,273267.0094914574
2851,231432.2914021683
2852,245236.38603128193
2853,242770.56427854297
2854,142050.91917223652
2855,200953.75487431543
2856,214336.69385882857
2857,197766.44810825418
2858,206745.55514871134
2859,134946.18420183402
2860,116600.11031318498
2861,128200.31237312686
2862,201082.66262187748
2863,127808.11603469872
2864,237957.91058841758
2865,133332.5213034124
2866,154090.1228241913
2867,101891.14427425229
2868,111722.94761236875
2869,114772.5970671343
2870,131202.88343286724
2871,92989.15020787435
2872,76852.21276375765
2873,108735.79975715814
2874,127467.3965105643
2875,126053.01722777248
2876,153029.63044531888
2877,129750.1973279563
2878,164557.91223733037
2879,135944.57810280484
2880,102972.0443930158
2881,153310.18767909508
2882,166336.31182431974
2883,185343.97911606412
2884,193503.274693481
2885,181185.84223631775
2886,205458.46529539532
2887,98897.46520622574
2888,117360.1903510695
2889,66946.1512423545
2890,79155.33641188913
2891,127939.0558252789
2892,58746.58322515521
2893,84300.02855220601
2894,68897.67380989021
2895,298574.4862311588
2896,276785.2726454837
2897,182833.50882116414
2898,172306.25902563112
2899,207759.59154764077
2900,167663.29013651056
2901,189424.88044672646
2902,189142.28226214906
2903,304800.7191449526
2904,317927.7530059803
2905,96898.62392500855
2906,215800.91106408724
2907,112062.5852294887
2908,127463.30388966438
2909,160415.4861737363
2910,76449.81922364177
2911,93047.40178205853
2912,159155.55175680103
2913,76932.91272412411
2914,78443.02332773186
2915,79727.8033800306
2916,80928.93426934328
2917,153321.72453048645
2918,120450.83043083095
2919,222090.99620632536
